0.9564
0.9704
0.9832
0.8711
0.9820
0.9662
0.9583
0.9816
0.9534
0.9556
0.9772
0.9607
0.9773
0.9782
0.9819
0.9693
0.9749
0.9755
0.9722
0.9796
0.9813
0.9807
0.9599
0.9849
0.9815
0.9539
0.9458
0.9686
0.9603
0.9754
0.9694
0.9834
0.9607
0.9825
0.9099
0.9662
0.9801
0.9641
0.9508
0.9868
0.9876
0.9905
0.9764
0.9866
0.9791
0.9361
0.9761
0.9680
0.9565
0.9855
0.9792
0.9869
0.9675
0.9851
0.9488
0.9719
0.9737
0.9865
0.9790
0.9855
0.9779
0.9599
0.9777
0.8747
0.9766
0.9788
0.9649
0.9802
0.9899
0.9824
0.9769
0.9828
0.9758
0.9439
0.9786
0.9651
0.9890
0.9890
0.9773
0.9750
0.9840
0.9762
0.9613
0.9441
0.9321
0.9839
0.9497
0.9611
0.9790
0.9831
0.9855
0.9500
0.9641
0.9758
0.9699
0.9707
0.9893
0.9741
0.9288
0.9523
0.9662
0.9615
0.9801
0.9813
0.9696
0.9582
0.9717
0.9727
0.9545
0.9686
0.9696
0.9748
0.9455
0.9825
0.9626
0.9634
0.9700
0.9576
0.9661
0.9814
0.9127
0.9777
0.9357
0.9888
0.9802
0.9565
0.9782
0.9403
0.9673
0.9742
0.8929
0.9839
0.9779
0.9625
0.9734
0.9819
0.9789
0.9552
0.9791
0.9508
0.9777
0.9788
0.9675
0.9714
0.9783
0.9864
0.9068
0.9802
0.9439
0.9696
0.9757
0.9387
0.9804
0.9676
0.9498
0.9227
0.9614
0.9553
0.9762
0.9310
0.9713
0.9373
0.9636
0.9655
0.9546
0.9778
0.9601
0.9766
0.9799
0.9650
0.9785
0.9729
0.9715
0.9610
0.9721
0.9776
0.9790
0.9700
0.9717
0.9777
0.9582
0.9641
0.9422
0.9726
0.9068
0.9805
0.9744
0.9643
0.9767
0.9875
0.9060
0.9667
0.9656
0.9583
0.9413
0.9874
0.8580
0.9824
0.9710
0.9882
0.9664
0.9770
0.9657
0.9702
0.9600
0.9643
0.9787
0.9729
0.9735
0.9135
0.9725
0.9647
0.9895
0.9815
0.9784
0.9752
0.9911
0.9695
0.9584
0.9807
0.9751
0.9680
0.9653
0.9690
0.9749
0.9894
0.9808
0.9785
0.9758
0.9799
0.9711
0.9818
0.9467
0.9652
0.9535
0.9614
0.9237
0.9839
0.9665
0.9637
0.9477
0.9537
0.9777
0.9820
0.9761
0.9739
0.9673
0.9666
0.9200
0.9772
0.9652
0.9361
0.9850
0.9802
0.9480
0.9738
0.9757
0.9715
0.9808
0.9827
0.9854
0.9701
0.9803
0.9825
0.9794
0.9862
0.9711
0.9777
0.9577
0.9738
0.9409
0.9139
0.9738
0.9649
0.9842
0.9730
0.9689
0.9775
0.9766
0.9655
0.9355
0.9767
0.9797
0.9681
0.9799
0.9735
0.9708
0.9629
0.9812
0.9825
0.9649
0.9791
0.9818
0.9774
0.9641
0.9755
0.9632
0.9368
0.9780
0.9725
0.9717
0.9693
0.9621
0.9741
0.9896
0.9761
0.9644
0.9879
0.9778
0.9785
0.9582
0.9811
0.9642
0.9652
0.9689
0.9698
0.9613
0.9719
0.9776
0.9720
0.9891
0.9610
0.9297
0.9640
0.9560
0.9746
0.9811
0.9648
0.9781
0.9655
0.9697
0.9822
0.9669
0.9808
0.9856
0.9571
0.9690
0.9352
0.9759
0.9326
0.9668
0.9734
0.9419
0.9804
0.9586
0.9597
0.9667
0.9741
0.9677
0.9802
0.9712
0.9365
0.9626
0.9715
0.9841
0.9890
0.9507
0.9843
0.9751
0.9574
0.9817
0.9803
0.9749
0.9714
0.9843
0.9616
0.9872
0.9856
0.9846
0.9754
0.9719
0.9843
0.9472
0.9649
0.9821
0.9668
0.9839
0.9120
0.9799
0.9862
0.9702
0.9770
0.9686
0.9783
0.9823
0.9853
0.9759
0.9889
0.9611
0.9626
0.9741
0.8673
0.9278
0.9840
0.9551
0.9843
0.9634
0.9867
0.9761
0.9693
0.9737
0.9715
0.9768
0.9747
0.9828
0.9604
0.9725
0.9865
0.9442
0.9846
0.9622
0.8993
0.9863
0.9293
0.9688
0.9825
0.9794
0.9168
0.9700
0.9825
0.9719
0.9835
0.9439
0.8858
0.9755
0.9877
0.9805
0.9689
0.9722
0.9542
0.9659
0.9815
0.9667
0.9809
0.9865
0.9720
0.9533
0.9785
0.9595
0.9779
0.9580
0.9837
0.9318
0.9764
0.9610
0.9258
0.9724
0.9451
0.9667
0.9637
0.9818
0.9500
0.9745
0.9786
0.9570
0.9493
0.9781
0.9604
0.9761
0.9643
0.9861
0.9605
0.9693
0.9619
0.9817
0.9850
0.9877
0.9751
0.9804
0.9775
0.9693
0.9752
0.9809
0.9781
0.9795
0.9791
0.9756
0.9305
0.9870
0.9683
0.9798
0.9168
0.9496
0.9735
0.9849
0.9759
0.9765
0.9861
0.9888
0.9927
0.9787
0.9562
0.9881
0.9715
0.9854
0.9705
0.9904
0.9493
0.9859
0.9749
