0.9591
0.9849
0.9876
0.9540
0.9563
0.9498
0.9234
0.9784
0.9368
0.9214
0.9828
0.9386
0.9816
0.9765
0.9765
0.9585
0.9725
0.9780
0.9757
0.9783
0.9796
0.9451
0.9638
0.9679
0.9832
0.9085
0.9575
0.9734
0.9498
0.9790
0.9648
0.9825
0.9311
0.9735
0.9550
0.9692
0.9802
0.9704
0.9583
0.9798
0.9595
0.9790
0.9834
0.9802
0.9806
0.9551
0.9423
0.9055
0.9555
0.9734
0.9858
0.9839
0.9586
0.9802
0.9037
0.9507
0.9685
0.9658
0.9800
0.9809
0.9752
0.9124
0.9258
0.9492
0.9826
0.9861
0.9039
0.9791
0.9665
0.9483
0.9676
0.9779
0.9419
0.9737
0.9769
0.9118
0.9564
0.9828
0.9811
0.9475
0.9762
0.9728
0.9627
0.9636
0.9643
0.9837
0.9399
0.9464
0.9824
0.9837
0.9858
0.9331
0.9113
0.9401
0.9683
0.9722
0.9780
0.9438
0.9606
0.9555
0.9623
0.9579
0.9774
0.9845
0.9205
0.9519
0.9733
0.9748
0.9458
0.9687
0.9682
0.9700
0.9520
0.9431
0.9382
0.9509
0.9554
0.9610
0.9364
0.9823
0.9466
0.9858
0.9707
0.9825
0.9828
0.9673
0.9691
0.9645
0.9360
0.9435
0.9335
0.9818
0.9718
0.9416
0.9689
0.9713
0.9751
0.9585
0.9702
0.9444
0.9790
0.9807
0.9718
0.9458
0.9744
0.9841
0.9586
0.9658
0.9691
0.9641
0.9833
0.9320
0.9193
0.9214
0.9636
0.9597
0.9558
0.9356
0.9533
0.9305
0.9649
0.9677
0.8996
0.9589
0.9737
0.9758
0.9585
0.9843
0.9824
0.9735
0.9392
0.9559
0.9632
0.9471
0.9756
0.9810
0.9805
0.9791
0.9246
0.9759
0.9662
0.9588
0.9660
0.9753
0.9635
0.9725
0.9839
0.9181
0.9776
0.9838
0.9604
0.9540
0.9108
0.9178
0.9457
0.9777
0.9647
0.9847
0.9775
0.9713
0.9463
0.9507
0.9016
0.9301
0.9364
0.9657
0.9528
0.9768
0.9331
0.9525
0.9361
0.9411
0.9741
0.9791
0.9786
0.9738
0.9778
0.9503
0.9522
0.9801
0.9258
0.9695
0.9660
0.9674
0.9762
0.9589
0.9772
0.9742
0.9828
0.9829
0.9785
0.9746
0.9569
0.9592
0.9687
0.9306
0.9701
0.9858
0.9082
0.9673
0.9594
0.9626
0.9474
0.9314
0.9708
0.9334
0.9455
0.9517
0.9517
0.9631
0.9259
0.9379
0.9565
0.9802
0.9325
0.9322
0.9728
0.9505
0.9819
0.9850
0.9719
0.9643
0.9789
0.9462
0.9398
0.9594
0.9670
0.9319
0.9597
0.9682
0.9473
0.9478
0.9724
0.9494
0.9851
0.9438
0.9547
0.9790
0.9718
0.9211
0.9653
0.9213
0.9754
0.9739
0.9866
0.9673
0.9213
0.9100
0.9718
0.9820
0.9469
0.9318
0.9683
0.9534
0.9457
0.9664
0.9346
0.9675
0.9299
0.9225
0.9420
0.9664
0.9712
0.9587
0.9833
0.9806
0.9412
0.9761
0.9479
0.9767
0.9550
0.9848
0.9338
0.9415
0.9450
0.9607
0.9355
0.9405
0.9768
0.9225
0.9807
0.9404
0.9648
0.9217
0.9560
0.9368
0.9196
0.9681
0.9805
0.9627
0.9694
0.9512
0.9539
0.9771
0.9846
0.9604
0.9679
0.9617
0.9620
0.9687
0.9549
0.9583
0.9475
0.9798
0.9107
0.9293
0.9092
0.9769
0.9684
0.9842
0.9709
0.9716
0.9505
0.9818
0.9818
0.9873
0.9549
0.9862
0.9824
0.9133
0.9740
0.9770
0.9774
0.9539
0.9807
0.9167
0.9846
0.9833
0.9827
0.9826
0.9485
0.9584
0.9652
0.9214
0.9460
0.9625
0.9859
0.9429
0.9834
0.9863
0.9756
0.9776
0.9612
0.9659
0.9537
0.9853
0.9413
0.9765
0.9331
0.9631
0.9502
0.9603
0.9564
0.9865
0.9526
0.9612
0.9517
0.9847
0.9798
0.9600
0.9408
0.9543
0.9786
0.9734
0.9781
0.9696
0.9603
0.9853
0.9551
0.9839
0.9456
0.9506
0.9840
0.8986
0.9826
0.9858
0.9397
0.9690
0.9676
0.9848
0.9673
0.9823
0.9558
0.9442
0.9760
0.9839
0.9831
0.9585
0.9676
0.9125
0.9611
0.9817
0.9391
0.9811
0.9869
0.9750
0.9440
0.9796
0.9551
0.9791
0.9620
0.9281
0.9722
0.9326
0.9566
0.9545
0.9521
0.9539
0.9721
0.9533
0.9538
0.9499
0.9191
0.9811
0.9478
0.9464
0.9733
0.9556
0.9269
0.9732
0.9868
0.9533
0.9513
0.9634
0.9840
0.9776
0.9833
0.9815
0.9843
0.9701
0.9697
0.9772
0.9825
0.9318
0.9756
0.9752
0.9769
0.9609
0.9813
0.9263
0.9743
0.9770
0.8974
0.9794
0.9827
0.9782
0.9632
0.9779
0.9844
0.9788
0.9794
0.9762
0.9649
0.9483
0.9714
0.9823
0.9776
0.9553
0.9836
0.9715
