0.5218
0.4600
0.4378
0.5872
0.5761
0.5102
0.4335
0.3653
0.4657
0.4734
0.3709
0.4295
0.3758
0.4024
0.4266
0.5070
0.3403
0.3742
0.6023
0.3941
0.4491
0.5395
0.5060
0.4345
0.4395
0.4603
0.3946
0.3809
0.4815
0.3860
0.5154
0.3609
0.4824
0.5651
0.4325
0.4342
0.3881
0.3843
0.4466
0.4670
0.6737
0.5029
0.4507
0.4941
0.3474
0.5061
0.4769
0.4474
0.4650
0.4746
0.4353
0.5171
0.4995
0.4630
0.4140
0.4640
0.3520
0.5456
0.4488
0.4583
0.3897
0.4337
0.5601
0.4587
0.3843
0.3560
0.5074
0.3808
0.5406
0.5821
0.4466
0.4529
0.5178
0.3323
0.3714
0.4557
0.7225
0.5573
0.3810
0.5209
0.4010
0.4725
0.4926
0.5300
0.4318
0.3831
0.4888
0.5534
0.3613
0.3968
0.4379
0.4386
0.4133
0.5147
0.5045
0.4248
0.6040
0.4697
0.5222
0.4840
0.3273
0.4493
0.4189
0.4394
0.4358
0.4825
0.3871
0.3261
0.4914
0.4483
0.3687
0.3891
0.4140
0.5296
0.4606
0.4956
0.4520
0.4436
0.5430
0.4814
0.4647
0.3399
0.4520
0.4716
0.4092
0.5026
0.4726
0.5073
0.4914
0.5143
0.4686
0.3992
0.3762
0.4442
0.5973
0.4542
0.4510
0.4556
0.4405
0.4776
0.4337
0.4427
0.3885
0.4622
0.3952
0.4566
0.4303
0.5727
0.5014
0.5916
0.3443
0.4411
0.5103
0.5011
0.4566
0.4126
0.5057
0.4824
0.4462
0.5009
0.3861
0.3979
0.4774
0.4915
0.3397
0.4137
0.5379
0.4144
0.4646
0.3385
0.4920
0.4853
0.4856
0.4917
0.3361
0.3872
0.3568
0.3768
0.4349
0.4036
0.4615
0.5817
0.5622
0.3703
0.4631
0.4119
0.3474
0.4157
0.4279
0.4440
0.6576
0.5402
0.4305
0.4732
0.4217
0.6139
0.3994
0.3954
0.3620
0.5097
0.5013
0.4919
0.4273
0.5165
0.4730
0.3760
0.5575
0.3660
0.5167
0.4506
0.4499
0.4530
0.5894
0.4493
0.3328
0.4607
0.6538
0.4820
0.4882
0.4051
0.4904
0.3526
0.5584
0.3433
0.3444
0.7009
0.5163
0.3773
0.4281
0.4338
0.3916
0.4618
0.5108
0.5451
0.5272
0.4457
0.4645
0.4087
0.4438
0.3724
0.4339
0.4654
0.5088
0.5060
0.4011
0.4585
0.5398
0.5250
0.4321
0.4623
0.4599
0.4465
0.5959
0.5097
0.4240
0.4592
0.4418
0.5189
0.4599
0.4259
0.4477
0.5565
0.3502
0.7589
0.5013
0.6051
0.3743
0.5201
0.4493
0.3666
0.4808
0.6048
0.3221
0.4769
0.4672
0.5535
0.4810
0.3808
0.3692
0.4686
0.5475
0.5248
0.4452
0.3624
0.4076
0.4162
0.4343
0.4460
0.3917
0.3648
0.4840
0.5062
0.5757
0.5570
0.5224
0.4576
0.4643
0.4532
0.4950
0.4588
0.5029
0.5576
0.5107
0.5398
0.4564
0.3453
0.4456
0.5805
0.4956
0.4354
0.4977
0.3970
0.4837
0.4714
0.5555
0.5034
0.4419
0.4740
0.3613
0.5128
0.5467
0.5065
0.5787
0.4319
0.3588
0.5380
0.4925
0.3680
0.3561
0.5121
0.4448
0.5734
0.5377
0.3669
0.4173
0.5314
0.5305
0.6026
0.5211
0.5593
0.4748
0.4897
0.4565
0.3321
0.4565
0.4856
0.4539
0.4625
0.5609
0.3653
0.3752
0.5348
0.4765
0.3773
0.4741
0.4670
0.4951
0.3861
0.3503
0.4808
0.4106
0.3998
0.3873
0.7393
0.3715
0.5157
0.5310
0.5070
0.3780
0.3645
0.5151
0.5432
0.4440
0.4735
0.5894
0.4511
0.4238
0.5040
0.3952
0.4268
0.3620
0.4526
0.3863
0.4973
0.5545
0.4198
0.5155
0.5411
0.4776
0.4401
0.5313
0.4574
0.5392
0.4250
0.5332
0.4823
0.4530
0.4434
0.4270
0.5191
0.4531
0.4995
0.3981
0.3863
0.3490
0.4703
0.5899
0.4176
0.4206
0.5076
0.5091
0.5680
0.4537
0.4075
0.3588
0.4790
0.5085
0.4944
0.6000
0.3788
0.4231
0.4590
0.5259
0.5089
0.4718
0.4297
0.4145
0.3677
0.3837
0.4758
0.5008
0.3680
0.4605
0.4731
0.4924
0.3958
0.4511
0.4089
0.4561
0.4084
0.4319
0.5027
0.5294
0.5526
0.3768
0.4866
0.4927
0.4759
0.3362
0.5290
0.5671
0.4616
0.5041
0.3409
0.4895
0.4595
0.4897
0.5316
0.4930
0.3611
0.4287
0.4870
0.4927
0.5584
0.4664
0.5282
0.4934
0.4074
0.3716
0.3600
0.5287
0.3806
0.3817
0.5566
0.3873
0.3641
0.3675
0.4869
0.5567
0.4469
0.4457
0.3760
0.4187
0.3495
0.3658
0.4480
0.4900
0.5004
0.4555
0.6043
0.3552
0.5095
0.6362
0.4779
0.5883
0.4161
0.5177
0.4852
0.4884
0.4814
