0.5072
0.7779
0.3460
0.7695
0.4026
0.5924
0.4497
0.2828
0.3067
0.2956
0.3110
0.3704
0.5054
0.4529
0.4552
0.4038
0.3128
0.4420
0.8996
0.4041
0.3757
0.4669
0.5993
0.5758
0.5400
0.3280
0.3060
0.3347
0.4183
0.3355
0.5634
0.3322
0.5144
0.7485
0.6266
0.6809
0.4459
0.4698
0.5312
0.5488
1.1562
0.7257
0.7708
0.6877
0.2720
1.0386
0.3367
0.2783
0.5560
0.3881
0.7695
0.4947
0.4369
0.5513
0.2374
0.4324
0.4099
0.6208
0.4139
0.4534
0.3459
0.3082
0.4560
0.7130
0.3916
0.3553
0.2731
0.4091
0.9360
0.6918
0.4494
0.4073
0.4397
0.3049
0.3141
0.3317
1.1411
0.5821
0.4589
0.5280
0.4657
0.6343
0.5223
1.3775
0.6190
0.3740
0.4726
0.9811
0.2775
0.3063
0.5652
0.3572
0.2649
0.6377
0.7374
0.6646
0.8386
0.4290
0.9799
0.5039
0.3493
0.8079
0.3324
0.4559
0.2837
0.4782
0.6388
0.2593
0.5127
0.5027
0.3267
0.3334
0.3947
0.6045
0.3120
0.8188
0.4641
0.4662
0.5128
0.4722
0.4893
0.2597
0.4717
0.5138
0.4235
0.6881
0.6234
0.4486
0.5380
0.4626
0.9757
0.4440
0.4075
0.3741
0.5755
0.5944
0.4608
0.3354
0.3183
0.4316
0.5794
0.5035
0.6195
0.4401
0.3345
0.3897
0.3895
0.6316
0.8845
1.2571
0.2834
0.3817
0.4965
0.3765
0.5063
0.4485
0.4414
0.4228
0.3637
0.5953
0.4390
0.5937
0.4630
0.4493
0.4272
0.3660
1.2850
0.5286
0.5298
0.2073
0.3187
0.3206
0.5415
0.6776
0.2838
0.4564
0.3117
0.4762
0.2914
0.2993
0.6897
0.9025
0.6068
0.3311
1.0929
0.4709
0.2571
0.2853
0.3798
0.3716
2.2364
0.5853
0.2458
0.3204
0.3592
0.5717
0.4817
0.3941
0.2620
0.6949
0.5174
0.4076
0.2351
0.3780
0.3734
0.5037
1.2536
0.3699
0.4321
0.4873
0.3095
0.3730
0.6261
0.5179
0.3458
0.5089
1.1876
0.4850
0.6318
0.4169
0.4367
0.2565
0.6905
0.3196
0.4125
1.5239
0.8474
0.3583
0.5770
0.5583
0.4782
0.5217
0.7143
0.8690
0.8536
0.2815
0.6426
0.3546
0.2848
0.5374
0.4260
0.6033
0.3977
0.3643
0.4672
0.3527
0.4126
0.7553
0.4786
0.7288
0.4006
0.2634
0.7762
0.9119
0.3084
0.2802
0.4945
0.6798
0.5104
0.4880
0.7250
0.8008
0.3818
0.8249
0.4094
0.5764
0.3099
0.7351
0.4403
0.4373
0.7512
1.4309
0.2891
0.5560
0.3255
0.6755
0.3185
0.3508
0.4271
0.3962
0.8184
0.3581
0.3414
0.4495
0.6419
0.3567
0.3089
0.2369
0.2751
0.3413
0.4330
0.4220
0.6092
0.4930
0.5163
0.7260
0.4237
0.8603
0.3981
0.3487
0.6745
0.6969
0.5140
0.5866
0.5070
0.2606
0.3331
0.8814
0.3342
0.2976
0.3888
0.3754
0.4020
0.4009
0.5191
0.4678
0.3233
0.2836
0.3280
0.4396
1.1047
0.4734
0.8383
0.2758
0.3443
0.5017
0.3580
0.3073
0.4287
0.4227
0.4539
0.3447
0.5845
0.2847
0.4868
0.9823
0.8054
0.7712
0.4240
0.5377
0.3782
0.3617
0.4497
0.2595
0.4645
0.3701
0.3234
0.4708
0.9706
0.2449
0.3652
0.6707
0.4598
0.4243
0.4831
0.5808
0.3942
0.4416
0.3068
0.4077
0.5302
0.4077
0.4370
2.2291
0.3340
0.4089
0.4185
0.5168
0.4623
0.3865
0.3714
0.9652
0.4673
0.2752
0.4432
0.3329
0.4667
1.0396
0.3660
0.4040
0.4247
0.4676
0.2713
0.3934
0.3893
0.4853
0.3759
0.7666
0.4453
0.5439
0.8158
0.6680
0.7612
0.4699
0.6928
0.7033
0.3408
0.6351
0.5840
0.4450
0.3258
0.6190
0.3383
0.4051
0.2994
0.5387
0.9545
0.4736
0.3809
0.4843
0.5071
1.3694
0.6533
0.2731
0.4176
0.6291
0.4414
0.4307
0.6871
0.3845
0.4304
0.5189
0.7287
0.9414
0.5907
0.4779
0.4492
0.3388
0.4482
0.4183
0.4331
0.3493
0.3397
0.5861
0.8891
0.2919
0.3063
0.4351
0.7244
0.4923
0.6525
0.4888
0.8388
0.5856
0.5891
1.2430
0.4095
0.5441
0.3304
0.5248
0.5753
0.4663
0.4016
0.2585
0.4895
0.5891
0.3888
0.7666
0.4224
0.5092
0.5439
0.5002
0.3283
0.6246
0.7468
0.5218
0.5039
0.5016
0.2748
0.3420
0.4113
0.3262
0.3692
0.5420
0.2889
0.3322
0.4860
0.5246
0.6802
0.3724
0.5117
0.4367
0.3251
0.2606
0.3490
0.5114
0.6262
0.5113
0.5261
0.9233
0.3378
0.7275
1.0286
0.4705
0.7047
0.5001
0.8450
0.4997
0.7309
0.3858
