0.7122
0.8820
0.5882
0.8772
0.6345
0.7696
0.6706
0.5318
0.5538
0.5437
0.5576
0.6086
0.7109
0.6730
0.6747
0.6355
0.5593
0.6648
0.9484
0.6357
0.6130
0.6833
0.7742
0.7588
0.7349
0.5727
0.5532
0.5785
0.6468
0.5792
0.7506
0.5764
0.7172
0.8651
0.7916
0.8252
0.6678
0.6854
0.7288
0.7408
1.0753
0.8519
0.8780
0.8293
0.5215
1.0191
0.5802
0.5276
0.7457
0.6230
0.8772
0.7034
0.6609
0.7425
0.4872
0.6576
0.6402
0.7879
0.6433
0.6734
0.5882
0.5552
0.6753
0.8444
0.6258
0.5961
0.5226
0.6396
0.9675
0.8317
0.6704
0.6382
0.6631
0.5521
0.5605
0.5759
1.0682
0.7629
0.6774
0.7267
0.6824
0.7964
0.7227
1.1737
0.7868
0.6115
0.6874
0.9905
0.5268
0.5534
0.7518
0.5977
0.5147
0.7986
0.8587
0.8152
0.9157
0.6550
0.9899
0.7098
0.5910
0.8988
0.5765
0.6752
0.5326
0.6915
0.7992
0.5093
0.7160
0.7090
0.5716
0.5774
0.6283
0.7775
0.5586
0.9049
0.6812
0.6828
0.7161
0.6871
0.6995
0.5096
0.6868
0.7168
0.6508
0.8295
0.7895
0.6697
0.7335
0.6801
0.9878
0.6663
0.6384
0.6116
0.7586
0.7710
0.6788
0.5792
0.5641
0.6569
0.7612
0.7096
0.7871
0.6634
0.5784
0.6242
0.6241
0.7948
0.9405
1.1212
0.5324
0.6178
0.7046
0.6136
0.7115
0.6697
0.6643
0.6502
0.6031
0.7716
0.6625
0.7705
0.6805
0.6703
0.6536
0.6050
1.1336
0.7270
0.7279
0.4553
0.5645
0.5662
0.7359
0.8232
0.5327
0.6756
0.5583
0.6901
0.5398
0.5471
0.8305
0.9500
0.7790
0.5754
1.0454
0.6862
0.5070
0.5341
0.6163
0.6096
1.4955
0.7651
0.4958
0.5660
0.5994
0.7561
0.6941
0.6277
0.5118
0.8336
0.7193
0.6385
0.4849
0.6148
0.6110
0.7097
1.1196
0.6082
0.6573
0.6981
0.5563
0.6108
0.7912
0.7196
0.5881
0.7134
1.0898
0.6964
0.7949
0.6457
0.6608
0.5065
0.8309
0.5653
0.6422
1.2345
0.9205
0.5986
0.7596
0.7472
0.6915
0.7223
0.8452
0.9322
0.9239
0.5305
0.8016
0.5955
0.5337
0.7331
0.6527
0.7767
0.6307
0.6036
0.6835
0.5939
0.6423
0.8691
0.6918
0.8537
0.6329
0.5132
0.8810
0.9550
0.5553
0.5293
0.7032
0.8245
0.7144
0.6986
0.8515
0.8949
0.6179
0.9082
0.6399
0.7592
0.5566
0.8574
0.6636
0.6613
0.8667
1.1962
0.5377
0.7456
0.5705
0.8219
0.5643
0.5923
0.6535
0.6295
0.9046
0.5984
0.5843
0.6705
0.8012
0.5972
0.5557
0.4867
0.5245
0.5842
0.6580
0.6496
0.7805
0.7022
0.7186
0.8521
0.6509
0.9275
0.6310
0.5905
0.8213
0.8348
0.7170
0.7659
0.7120
0.5105
0.5772
0.9388
0.5781
0.5455
0.6235
0.6127
0.6340
0.6331
0.7205
0.6839
0.5686
0.5325
0.5727
0.6630
1.0511
0.6880
0.9156
0.5252
0.5868
0.7083
0.5983
0.5543
0.6547
0.6501
0.6737
0.5871
0.7645
0.5335
0.6977
0.9911
0.8975
0.8782
0.6512
0.7333
0.6150
0.6014
0.6706
0.5094
0.6815
0.6084
0.5687
0.6861
0.9852
0.4949
0.6044
0.8189
0.6781
0.6514
0.6951
0.7621
0.6278
0.6645
0.5539
0.6385
0.7281
0.6385
0.6611
1.4930
0.5779
0.6394
0.6469
0.7189
0.6800
0.6217
0.6094
0.9825
0.6836
0.5246
0.6657
0.5770
0.6831
1.0196
0.6050
0.6356
0.6517
0.6838
0.5208
0.6272
0.6239
0.6966
0.6131
0.8756
0.6673
0.7375
0.9032
0.8173
0.8724
0.6855
0.8324
0.8386
0.5838
0.7969
0.7642
0.6671
0.5708
0.7868
0.5816
0.6365
0.5472
0.7340
0.9770
0.6882
0.6172
0.6959
0.7121
1.1702
0.8083
0.5226
0.6463
0.7932
0.6644
0.6563
0.8289
0.6201
0.6560
0.7204
0.8537
0.9703
0.7686
0.6913
0.6703
0.5820
0.6695
0.6467
0.6581
0.5911
0.5828
0.7656
0.9429
0.5402
0.5534
0.6596
0.8511
0.7017
0.8078
0.6991
0.9159
0.7652
0.7675
1.1149
0.6399
0.7376
0.5748
0.7244
0.7585
0.6829
0.6337
0.5084
0.6997
0.7675
0.6236
0.8756
0.6499
0.7136
0.7375
0.7072
0.5729
0.7903
0.8642
0.7224
0.7099
0.7082
0.5242
0.5848
0.6413
0.5712
0.6076
0.7362
0.5374
0.5763
0.6972
0.7243
0.8248
0.6103
0.7154
0.6608
0.5702
0.5105
0.5908
0.7151
0.7913
0.7151
0.7254
0.9609
0.5812
0.8529
1.0142
0.6859
0.8395
0.7071
0.9192
0.7069
0.8549
0.6212
