1013.3475017334893
46.12790704039393
21.98101141195758
9.265132416579803
5.320546579183699
4.072020517405967
3.2609986984153663
2.479296942182633
2.062766615786074
1.7538092838787236
1.4931999347466962
1.1616857087301942
1.178458254355037
1.1135474272820143
1.0087192825225206
0.8991230151245585
0.8413064822166826
0.7652874054961931
0.7644077922774957
1.071119219175502
1.1131309181119429
0.8626551891791333
0.8865991495134219
0.7038279977872912
0.6055008225059864
0.5161317260070362
0.46960292141676835
0.48524036781938545
0.5616955257481359
0.6965251080830301
0.8453345833879421
0.6593214035255758
0.6244741862148158
0.607821428199683
0.6531961094934258
0.761788697934062
0.5418346241725865
0.49214756677141863
0.4190534968690801
0.3506968385889628
0.3210431766665115
0.30019629677432175
0.43123603958401097
0.5325959199644819
0.4230109260427907
0.3736317222003157
0.3597429226322245
0.42944501140968505
0.30325990749114506
0.26185695882401944
0.2565017828932482
0.2515637379375089
0.2450274294415371
0.2376148428172427
0.230758725211966
0.2245124207885735
0.2219504911771051
0.2226914262682975
0.23019590253723599
0.24939030148504393
0.23532865952603435
0.2453409302633491
0.2645964586491035
0.23186742661167697
0.21918558598007853
0.2106974643402383
0.20339875743070057
0.19682607669591018
0.1919379327376979
0.18879216344383126
0.1868920561660178
0.21364124146979094
0.19877724271946237
0.190521065021093
0.1871189785823503
