0.4349456905875507
0.09848454849427518
0.075730726621408
0.07296827158520212
0.0648855972467302
0.057363763174602976
0.06318430408669228
0.057781411369493905
0.05599027030086872
0.06092683444679005
0.05504461003945219
0.049581212403605864
0.0485076990712531
0.050828818938102864
0.051357322244396
0.050112537735013715
0.055097468502016314
0.05142532516146238
0.04354505889034626
0.039573995597300474
0.038696588193616904
0.0383282622883311
0.042409446381281746
0.04109898929702305
0.04051254695232916
0.034364435087792494
0.032741588730794344
0.030161746594099308
0.02972463294032781
0.027790361177522455
0.027812058154535118
0.02640949815622493
0.026696834643977284
0.027002596943795015
0.026665522041817137
0.026952048659767802
0.025850276300011958
0.02887141748875047
0.0335813053921696
0.02898130230744089
0.02817346548945487
0.02815476181781868
0.028185227989707295
0.025772320736739716
0.026115454484095805
0.027797326944131392
0.030989983267943656
0.028580616619507178
0.030851866676018583
0.031524679253092484
0.02491349690908836
0.02278430842998746
0.021491913104145943
0.021053698647864248
0.020583213926691105
0.020091000764343375
0.019595502256017635
0.019018826653079916
0.018712501986762404
0.018563163324802782
0.018521242646922852
0.018261735545658266
0.018141066274678395
0.01838665181376234
0.01945918687657353
0.019955391555913762
0.021448664505685573
0.02355976796061576
0.02073817337312663
0.01866495653599168
0.017982994978312666
0.017666125607756433
0.017594132946326387
0.017273142656872263
0.016552537790461543
0.01678364471875159
0.016379256895483647
0.01595777804966753
0.015674083649447418
0.015484147577037598
0.015299329305670075
0.01520452091685015
0.015020828707953812
0.014845101363596864
0.014758704320205632
0.014709928886597928
0.014711693538609048
0.01473373329772382
0.014745535460546558
0.014730871166881576
0.014497524743629654
0.014272632873634424
0.014231238444941638
