0.4388397267316797
0.10310186395857857
0.08320992764043986
0.07421810742204517
0.07464700737850373
0.07460479665422971
0.06734814630565147
0.06412134405405548
0.05849097785453371
0.06714739741889074
0.05987453815219128
0.0574333541455322
0.0628003956660019
0.0690453834693228
0.06212159581343924
0.051781140738703504
0.06040031471216989
0.054939351560457934
0.04484599208299998
0.04956103146740938
0.05705604056886581
0.06310150126985457
0.05604853727560504
0.05132971487967055
0.04875526064833744
0.04702569361512989
0.0390079001511783
0.03731247195523911
0.03659074324214325
