1067.1394884754734
126.41263503035648
23.519350108604005
4.926657271651087
2.9669909955843674
2.1877169214659906
1.775669210019165
1.5372017249741963
1.3715241289936477
1.2396747146397276
1.1519583317426945
1.0706407345803697
0.9883301406544823
0.9247167531442465
0.8797573347517106
0.8460171964975095
0.8098600420366876
0.7802674976423327
0.786508901079348
0.8737911333825066
0.8598269678403011
0.7881267783145479
0.7473105076963573
0.7335314329672037
0.9415054816517245
0.8466097952929571
0.6987035194737318
0.6241259002109443
0.5428990917799641
0.48923080805065905
0.46317614133030066
0.4483419601358889
0.46761905659530245
0.4824955556472438
0.5767955124156626
0.5874903332788262
0.6859787729149858
0.5673443323839109
0.4951164367916859
0.4940089509168079
0.7051620735998048
0.7636363579438078
0.6291707967958485
0.5826929165085009
0.6206859313643998
0.6028348769175519
0.524731212278281
0.4971474222977365
0.5151911342454223
0.37968845144745145
0.32604559652202636
0.30752971923484235
0.29546089298663086
0.28245314523633086
0.2691614964083668
0.25687856157916183
0.24639586810728875
0.23868264512723264
0.23191808535263883
0.22655185846591083
0.22486131375163904
0.23414016955404032
0.2947289848416268
0.324842085847181
0.27734445456456963
0.31020128893143184
0.2863506021663602
0.25438398355445013
0.24197303218469302
0.2390794140255584
0.24193880549150773
0.26002660720543347
0.34907564365730853
0.37187754747814405
0.2510796334442153
0.19690201722334752
0.18919918738776423
0.1859123942244895
0.18362806909146362
0.18179353501052217
0.18040141906436935
0.17864471297281825
0.17649093536196145
0.17401298337709506
0.17177153359336925
0.1696407486404185
0.16783378004584615
0.1661416926459309
0.16460158368468727
0.16317498251851165
0.16177368302549128
0.16033574850142668
0.15882658124745558
0.15745363284774871
0.15604755420888666
0.1548215290427651
0.15355094782592638
0.15252717215997136
0.15192580688398566
0.1538690574550274
