1009.3479117354495
80.17597290663028
22.91527106061744
11.301904974373743
6.1949106796080295
4.371172858879912
3.3625439529525303
2.683983422566524
2.243236668491009
1.8357395935235856
1.6126604951004113
1.4376401088051636
1.263624495290026
1.202919997468757
1.0919936159729515
1.0113713058840386
0.9222832727609513
0.88070572042997
0.8294320684826507
0.7538906605048694
0.7934178029737508
0.6681527877607311
0.6653962822208618
0.5578622405856959
0.5500061471001366
0.5422168015104244
0.5437771694589282
0.5223323190965617
0.5638167572287379
0.6552328544921592
0.5642162560308733
0.6621402023450149
0.6294661648433004
0.5390701701649946
0.5377729098592993
0.47727630528375564
0.415319403418821
0.36557700127695575
0.36017371071537185
0.3544322722574149
0.332617637836357
0.329555498346077
0.3258253021865086
0.3442517605966795
0.3241565888920681
0.3019952445003623
0.29255669029450326
0.2832122548694504
