0.3873051054858807
0.09889909702605917
0.07494546112961042
0.06692351173734133
0.06229287939887065
0.05905032401634415
0.057607824474462346
0.058941849545475274
0.05286832259046987
0.04730460236063677
0.05078212767285485
0.04481160308348645
0.044532797150452344
0.05199491667481603
0.052985186027328324
0.04833103245518908
0.052074944219624685
0.05280510422022369
0.04189318440660668
0.039458343309097574
0.03417834362575999
0.03259363692932413
0.03245633840560913
0.03394210826065461
0.030464848621184055
0.030757426107683148
0.0285210299225988
0.03131453299611031
0.028912323779776195
0.02568856491032143
0.023517102557044048
0.02149434714512311
0.020386424206446537
0.019747393725086767
0.019416197746659744
0.019797458524597623
0.023867988896635828
0.022299824372543277
0.0225446159954851
0.022461139136530653
0.023038999077112703
0.022466889544490543
0.01983746077491448
0.01825807240815854
0.017561088042631467
