0.9215
0.9689
0.9387
0.9434
0.9465
0.8759
0.9051
0.9574
0.9124
0.8662
0.9318
0.9033
0.9752
0.9101
0.9489
0.9381
0.9212
0.9449
0.9554
0.9731
0.9210
0.9464
0.9485
0.9259
0.9822
0.8925
0.9503
0.9766
0.9027
0.9408
0.9386
0.9144
0.9505
0.9765
0.8623
0.9761
0.9397
0.9461
0.9128
0.9592
0.9338
0.9394
0.9518
0.9541
0.8965
0.9331
0.9281
0.9404
0.9433
0.9751
0.9843
0.9539
0.9080
0.9687
0.8333
0.8986
0.9358
0.9485
0.9471
0.9719
0.9521
0.8998
0.9264
0.8832
0.9745
0.9733
0.8998
0.9574
0.8678
0.9218
0.9513
0.9677
0.9423
0.9645
0.9491
0.9143
0.9415
0.9597
0.9259
0.8816
0.9769
0.9696
0.9438
0.9159
0.9603
0.9542
0.8516
0.9416
0.9550
0.9355
0.9024
0.9003
0.8991
0.9427
0.9729
0.9678
0.9497
0.9357
0.9340
0.9117
0.9058
0.9471
0.9339
0.9570
0.9269
0.9039
0.9714
0.9531
0.9451
0.9591
0.9791
0.9618
0.7617
0.9303
0.9029
0.9248
0.9043
0.8152
0.9534
0.9699
0.8771
0.9460
0.9560
0.9681
0.9775
0.9416
0.9755
0.9703
0.9220
0.9333
0.8945
0.9251
0.9441
0.9242
0.9521
0.9516
0.9471
0.9544
0.9539
0.9310
0.9676
0.9551
0.9754
0.9502
0.9458
0.9531
0.9113
0.9785
0.9631
0.9716
0.9026
0.8238
0.9478
0.9133
0.9062
0.9189
0.8853
0.9515
0.9000
0.7374
0.9126
0.9199
0.9429
0.9062
0.9554
0.9392
0.9640
0.9364
0.9791
0.9157
0.9483
0.9447
0.9331
0.9488
0.9528
0.9627
0.9696
0.9683
0.9271
0.9586
0.9409
0.9413
0.9310
0.9361
0.9130
0.9683
0.9535
0.8968
0.9383
0.9035
0.9698
0.9526
0.9393
0.9085
0.8825
0.9613
0.9497
0.9615
0.9701
0.9726
0.9034
0.9634
0.8988
0.9338
0.9543
0.9429
0.9316
0.9687
0.9308
0.9472
0.9373
0.9338
0.9489
0.9629
0.9701
0.9685
0.9427
0.9379
0.9133
0.9543
0.9449
0.9516
0.9195
0.8951
0.9634
0.9435
0.9662
0.9672
0.9647
0.9478
0.9761
0.9318
0.8708
0.9385
0.9617
0.8173
0.9064
0.9718
0.8995
0.9466
0.8672
0.8898
0.9508
0.9587
0.9493
0.8893
0.8855
0.9390
0.9480
0.9539
0.9267
0.9028
0.9325
0.9583
0.8438
0.9521
0.9572
0.9261
0.9353
0.9389
0.9412
0.9422
0.9480
0.9138
0.9519
0.9276
0.8835
0.9144
0.9213
0.9591
0.8928
0.9329
0.9362
0.9116
0.9418
0.9257
0.9626
0.9851
0.8700
0.9070
0.9509
0.9617
0.9547
0.9683
0.9790
0.9475
0.9174
0.8929
0.9621
0.9445
0.9304
0.9342
0.9580
0.9177
0.8816
0.9485
0.9053
0.9238
0.9646
0.9502
0.9475
0.9498
0.9494
0.9338
0.9464
0.9513
0.9404
0.9553
0.9289
0.9476
0.9136
0.9579
0.9039
0.9363
0.8944
0.9544
0.9194
0.9215
0.9539
0.9295
0.9226
0.8411
0.9745
0.9317
0.9345
0.9361
0.9499
0.9315
0.9774
0.9101
0.9708
0.9357
0.9233
0.9321
0.9444
0.9386
0.9222
0.9627
0.9556
0.9416
0.8681
0.9530
0.9204
0.9199
0.9066
0.8861
0.9057
0.9593
0.9699
0.9503
0.9524
0.9690
0.9470
0.9730
0.9580
0.9620
0.9174
0.9609
0.9621
0.8777
0.9601
0.9464
0.9719
0.9220
0.9608
0.8661
0.9707
0.9608
0.9434
0.9559
0.9033
0.9443
0.8876
0.8748
0.9369
0.9155
0.9622
0.9082
0.9484
0.9602
0.9458
0.9515
0.9345
0.9317
0.9270
0.9420
0.9077
0.9500
0.9325
0.9644
0.9611
0.9047
0.9282
0.9468
0.9358
0.9440
0.9304
0.9476
0.9332
0.8465
0.9470
0.9501
0.9368
0.9789
0.9543
0.9247
0.9290
0.9646
0.9218
0.9653
0.8925
0.9564
0.9446
0.7080
0.9636
0.9689
0.9072
0.9465
0.9488
0.9582
0.9157
0.9773
0.9610
0.9255
0.9596
0.9341
0.9423
0.9563
0.9509
0.8598
0.9490
0.9437
0.8768
0.9504
0.9537
0.9807
0.9103
0.9506
0.9628
0.9740
0.9433
0.9571
0.8524
0.8944
0.9266
0.9257
0.9414
0.8642
0.9737
0.9084
0.9100
0.9280
0.8936
0.9063
0.9368
0.9379
0.9561
0.8848
0.9251
0.9773
0.9434
0.8508
0.9511
0.9483
0.9783
0.9541
0.9586
0.9754
0.9404
0.9513
0.9484
0.9669
0.9531
0.9532
0.8710
0.9135
0.9357
0.9184
0.9296
0.9460
0.9401
0.9600
0.8795
0.9471
0.9366
0.9605
0.9788
0.9558
0.8681
0.9587
0.9707
0.9482
0.9339
0.9139
0.9512
0.9721
0.9517
0.9736
0.9626
0.9608
