1.0000
1.0000
1.0000
2.0000
1.0000
1.4142
1.0000
1.0000
1.0000
1.0000
1.0000
1.0000
1.0000
1.4142
1.0000
1.0000
1.0000
1.0000
12.5698
1.0000
1.4142
1.0000
1.0000
1.0000
1.0000
1.0000
1.0000
1.0000
1.4142
1.0000
1.4142
1.4142
1.0000
1.0000
1.4142
1.0000
1.4142
1.0000
1.4142
1.0000
1.0000
1.0000
1.0000
1.0000
1.4142
2.0000
1.0000
1.0000
1.0000
1.0000
1.0000
1.0000
1.4142
1.0000
1.4142
1.4142
1.0000
1.0000
1.0000
1.0000
1.0000
1.0000
1.0000
1.4142
1.0000
1.0000
1.0000
1.0000
1.4142
1.4142
1.0000
1.0000
1.0000
1.0000
1.0000
1.0000
1.0000
1.0000
1.4142
1.7321
1.0000
1.0000
1.4142
1.0000
1.4142
1.0000
2.0000
1.0000
1.0000
1.0000
1.4142
1.4142
1.4142
1.0000
11.0905
1.0000
1.0000
1.0000
2.0000
1.4142
1.0000
1.4142
1.0000
1.0000
1.0000
1.4142
1.0000
1.0000
1.0000
1.4142
1.0000
1.0000
1.7321
1.0000
1.4142
1.4142
1.4142
1.4142
1.0000
1.0000
1.0000
1.0000
1.0000
1.0000
1.0000
12.0830
1.0000
1.0000
1.4142
1.0000
1.4142
1.4142
1.0000
1.0000
1.0000
1.4142
1.0000
1.0000
1.0000
1.0000
1.0000
1.0000
1.0000
1.0000
1.0000
1.0000
1.0000
1.0000
10.2470
1.0000
1.0000
1.4142
1.0000
1.0000
1.4142
1.0000
1.4142
1.0000
1.4142
1.7321
1.4142
1.4142
1.0000
1.4142
1.0000
1.4142
1.0000
1.0000
1.0000
1.0000
1.0000
1.0000
1.0000
12.4097
1.0000
1.0000
1.0000
1.0000
1.0000
1.0000
1.0000
1.4142
1.4142
1.0000
1.4142
1.0000
1.0000
1.0000
1.0000
1.4142
1.0000
1.0000
1.0000
1.0000
1.4142
1.0000
1.0000
1.0000
1.0000
1.0000
1.4142
1.0000
1.0000
1.0000
1.0000
1.4142
1.0000
1.0000
1.4142
1.0000
1.0000
1.0000
1.0000
1.0000
1.0000
1.0000
1.4142
1.0000
1.0000
1.0000
1.0000
1.0000
1.4142
1.4142
1.0000
1.0000
1.0000
1.0000
1.0000
1.0000
1.0000
1.4142
1.4142
1.4142
1.0000
1.4142
1.4142
1.0000
1.4142
1.0000
1.4142
1.4142
1.0000
1.0000
1.0000
1.0000
1.4142
1.0000
1.0000
1.0000
1.0000
1.0000
1.0000
1.4142
1.4142
1.0000
1.0000
1.0000
1.4142
1.0000
1.4142
1.4142
1.0000
1.4142
1.0000
1.4142
1.4142
1.0000
1.0000
1.0000
1.4142
15.8430
1.0000
1.0000
1.0000
1.4142
1.0000
1.0000
1.7321
1.0000
1.0000
1.0000
1.0000
1.0000
1.0000
1.0000
1.0000
1.0000
1.4142
1.0000
1.0000
1.0000
1.0000
1.4142
1.4142
1.0000
1.4142
1.0000
1.0000
1.0000
1.4142
1.0000
1.0000
1.4142
1.0000
1.0000
1.0000
1.0000
1.0000
1.0000
1.4142
1.0000
1.4142
1.0000
1.4142
1.0000
1.0000
1.0000
1.0000
1.0000
1.4142
2.0000
1.0000
1.0000
1.0000
1.4142
1.0000
1.0000
1.0000
1.0000
1.0000
1.0000
1.4142
1.0000
1.0000
1.0000
1.0000
1.0000
1.0000
1.0000
1.4142
1.0000
1.0000
1.0000
1.0000
1.4142
1.4142
1.0000
1.0000
1.0000
1.0000
1.0000
1.0000
1.0000
1.0000
1.0000
1.0000
1.0000
1.0000
1.0000
1.0000
1.0000
1.0000
1.4142
1.0000
1.4142
1.0000
1.0000
1.0000
1.0000
1.0000
1.0000
1.4142
1.4142
1.0000
1.4142
1.0000
1.4142
1.0000
1.0000
1.0000
1.0000
1.0000
1.4142
1.0000
1.4142
1.0000
1.0000
1.4142
1.0000
1.0000
1.7321
1.0000
1.4142
1.0000
1.0000
1.0000
1.0000
1.4142
1.7321
1.0000
1.0000
1.0000
1.0000
1.0000
1.4142
1.0000
1.0000
1.4142
1.0000
1.4142
1.0000
1.4142
1.4142
1.0000
1.0000
1.0000
1.0000
10.1980
1.0000
1.4142
1.0000
1.0000
1.0000
1.0000
1.0000
1.0000
1.0000
1.0000
1.4142
1.0000
1.0000
1.4142
1.0000
1.0000
1.0000
1.4142
1.0000
1.0000
1.0000
1.4142
1.4142
1.4142
1.4142
1.0000
1.4142
1.0000
1.7321
1.0000
1.4142
1.4142
1.0000
1.0000
1.0000
1.0000
1.0000
1.0000
1.4142
1.0000
1.0000
1.0000
1.7321
1.0000
1.0000
1.0000
1.0000
1.0000
1.0000
1.0000
1.0000
1.0000
1.0000
1.0000
1.0000
1.4142
1.4142
1.0000
1.4142
1.4142
1.0000
1.0000
1.0000
1.0000
1.0000
1.0000
1.0000
1.0000
1.0000
1.4142
1.0000
1.0000
1.0000
1.0000
1.0000
1.0000
1.0000
1.0000
1.0000
1.0000
1.0000
