0.8545
0.9397
0.8844
0.8928
0.8984
0.7792
0.8267
0.9182
0.8390
0.7640
0.8724
0.8237
0.9516
0.8350
0.9027
0.8834
0.8540
0.8956
0.9146
0.9477
0.8535
0.8983
0.9021
0.8620
0.9650
0.8058
0.9053
0.9543
0.8226
0.8882
0.8843
0.8424
0.9056
0.9541
0.7579
0.9534
0.8863
0.8977
0.8396
0.9217
0.8757
0.8858
0.9080
0.9122
0.8125
0.8745
0.8659
0.8875
0.8927
0.9514
0.9691
0.9119
0.8315
0.9393
0.7142
0.8159
0.8793
0.9021
0.8995
0.9453
0.9086
0.8179
0.8629
0.7908
0.9502
0.9480
0.8179
0.9183
0.7665
0.8550
0.9071
0.9374
0.8908
0.9314
0.9031
0.8421
0.8895
0.9225
0.8621
0.7882
0.9549
0.9410
0.8936
0.8448
0.9236
0.9124
0.7416
0.8896
0.9138
0.8788
0.8221
0.8186
0.8166
0.8916
0.9472
0.9376
0.9042
0.8792
0.8761
0.8377
0.8278
0.8995
0.8760
0.9175
0.8638
0.8246
0.9444
0.9104
0.8959
0.9214
0.9590
0.9264
0.6151
0.8696
0.8230
0.8602
0.8254
0.6880
0.9110
0.9415
0.7811
0.8976
0.9157
0.9382
0.9559
0.8896
0.9523
0.9424
0.8553
0.8750
0.8091
0.8606
0.8942
0.8591
0.9085
0.9077
0.8995
0.9127
0.9118
0.8709
0.9372
0.9141
0.9520
0.9051
0.8972
0.9104
0.8371
0.9580
0.9288
0.9447
0.8226
0.7005
0.9008
0.8404
0.8284
0.8500
0.7942
0.9074
0.8181
0.5840
0.8392
0.8517
0.8919
0.8285
0.9146
0.8854
0.9304
0.8805
0.9590
0.8446
0.9017
0.8953
0.8746
0.9027
0.9099
0.9280
0.9410
0.9385
0.8642
0.9204
0.8884
0.8892
0.8710
0.8799
0.8399
0.9385
0.9111
0.8129
0.8838
0.8240
0.9414
0.9095
0.8855
0.8323
0.7896
0.9256
0.9041
0.9259
0.9419
0.9466
0.8238
0.9294
0.8163
0.8758
0.9125
0.8919
0.8720
0.9392
0.8706
0.8998
0.8820
0.8759
0.9027
0.9285
0.9419
0.9388
0.8917
0.8831
0.8404
0.9126
0.8956
0.9077
0.8509
0.8101
0.9294
0.8931
0.9346
0.9365
0.9318
0.9008
0.9534
0.8723
0.7712
0.8840
0.9262
0.6911
0.8288
0.9451
0.8174
0.8986
0.7655
0.8014
0.9062
0.9206
0.9035
0.8007
0.7946
0.8850
0.9012
0.9119
0.8635
0.8228
0.8736
0.9199
0.7298
0.9086
0.9178
0.8623
0.8785
0.8848
0.8889
0.8908
0.9011
0.8412
0.9082
0.8650
0.7912
0.8423
0.8541
0.9214
0.8064
0.8743
0.8800
0.8375
0.8901
0.8617
0.9278
0.9707
0.7699
0.8298
0.9064
0.9263
0.9133
0.9386
0.9588
0.9002
0.8474
0.8065
0.9271
0.8949
0.8698
0.8764
0.9194
0.8478
0.7882
0.9021
0.8270
0.8584
0.9317
0.9051
0.9003
0.9043
0.9037
0.8759
0.8983
0.9072
0.8875
0.9144
0.8673
0.9004
0.8409
0.9192
0.8247
0.8803
0.8090
0.9128
0.8508
0.8545
0.9119
0.8683
0.8563
0.7257
0.9504
0.8721
0.8771
0.8798
0.9045
0.8719
0.9558
0.8350
0.9432
0.8792
0.8575
0.8729
0.8947
0.8844
0.8557
0.9281
0.9150
0.8896
0.7670
0.9102
0.8526
0.8518
0.8292
0.7955
0.8277
0.9218
0.9416
0.9053
0.9091
0.9398
0.8994
0.9474
0.9195
0.9267
0.8474
0.9248
0.9270
0.7820
0.9233
0.8983
0.9454
0.8553
0.9245
0.7639
0.9430
0.9245
0.8929
0.9156
0.8237
0.8945
0.7979
0.7775
0.8813
0.8442
0.9271
0.8319
0.9019
0.9235
0.8972
0.9075
0.8771
0.8721
0.8639
0.8904
0.8310
0.9048
0.8735
0.9312
0.9250
0.8259
0.8661
0.8989
0.8794
0.8940
0.8698
0.9003
0.8747
0.7339
0.8994
0.9050
0.8812
0.9586
0.9126
0.8600
0.8674
0.9315
0.8550
0.9329
0.8058
0.9164
0.8950
0.5480
0.9298
0.9396
0.8302
0.8984
0.9025
0.9197
0.8445
0.9557
0.9249
0.8614
0.9224
0.8763
0.8908
0.9163
0.9065
0.7541
0.9029
0.8934
0.7805
0.9055
0.9115
0.9621
0.8353
0.9058
0.9282
0.9494
0.8926
0.9177
0.7428
0.8089
0.8633
0.8616
0.8894
0.7609
0.9487
0.8322
0.8348
0.8657
0.8077
0.8287
0.8811
0.8831
0.9159
0.7933
0.8607
0.9555
0.8929
0.7403
0.9067
0.9017
0.9576
0.9123
0.9204
0.9521
0.8875
0.9071
0.9019
0.9360
0.9103
0.9106
0.7714
0.8407
0.8791
0.8492
0.8684
0.8975
0.8869
0.9231
0.7849
0.8996
0.8807
0.9239
0.9585
0.9153
0.7669
0.9207
0.9432
0.9015
0.8760
0.8415
0.9070
0.9456
0.9079
0.9486
0.9278
0.9246
