0.9938
0.9471
0.9731
0.9751
0.9842
0.9746
0.9788
0.9781
0.9865
0.9945
0.9901
0.9773
0.9827
0.9843
0.9816
0.9961
0.9634
0.9857
0.9879
0.9821
0.9791
0.9765
0.9876
0.9109
0.9853
0.9808
0.9783
0.9628
0.9803
0.9371
0.9829
0.9848
0.9894
0.9771
0.9676
0.9922
0.9829
0.9736
0.9882
0.9809
0.9815
0.9836
0.9275
0.9646
0.9749
0.9802
0.9903
0.9815
0.9863
0.9681
0.9824
0.9908
0.9904
0.9893
0.9588
0.9888
0.9752
0.9786
0.9745
0.9774
0.9898
0.9792
0.9589
0.9880
0.9814
0.9926
0.9774
0.9896
0.9850
0.9873
0.9881
0.9797
0.9787
0.9743
0.9824
0.9896
0.9835
0.9789
0.9404
0.9775
0.9765
0.9823
0.9687
0.9762
0.9848
0.9656
0.9805
0.9868
0.9721
0.9917
0.9846
0.9585
0.9852
0.9788
0.9745
0.9839
0.9948
0.9880
0.9662
0.9775
0.9849
0.9763
0.9854
0.9673
0.9421
0.9470
0.9776
0.9741
0.9869
0.9880
0.9820
0.9810
0.9786
0.9603
0.9813
0.9763
0.9851
0.9920
0.9761
0.9862
0.9646
0.9677
0.9931
0.9818
0.9839
0.9790
0.9784
0.9919
0.9816
0.9866
0.9634
0.9725
0.9861
0.9654
0.9908
0.9670
0.9592
0.9642
0.9582
0.9579
0.9893
0.9825
0.9865
0.9851
0.9666
0.9921
0.9642
0.9844
0.9672
0.9906
0.9716
0.9768
0.9928
0.9820
0.9764
0.9746
0.9789
0.9914
0.9919
0.9749
0.9900
0.9910
0.9810
0.9840
0.9752
0.9853
0.9749
0.9718
0.9896
0.9800
0.9921
0.9795
0.9762
0.9751
0.9461
0.9919
0.9843
0.9817
0.9666
0.9918
0.9902
0.9820
0.9810
0.9796
0.9662
0.9827
0.9841
0.9937
0.9688
0.9672
0.9809
0.9801
0.9757
0.9862
0.9933
0.9604
0.9828
0.9841
0.9878
0.9759
0.9918
0.9791
0.9890
0.9411
0.9923
0.9910
0.9859
0.9887
0.9739
0.9739
0.9807
0.9840
0.9849
0.9859
0.9848
0.9809
0.9888
0.9514
0.9783
0.9811
0.9823
0.9813
0.9911
0.9861
0.9842
0.9917
0.9858
0.9666
0.9782
0.9851
0.9690
0.9936
0.9712
0.9919
0.9593
0.9879
0.9810
0.9750
0.9770
0.9815
0.9775
0.9837
0.9605
0.9768
0.9765
0.9871
0.9847
0.9773
0.9936
0.9888
0.9871
0.9780
0.9749
0.9744
0.9804
0.9624
0.9907
0.9929
0.9749
0.9798
0.9878
0.9896
0.9852
0.9720
0.9753
0.9858
0.9864
0.9916
0.9825
0.9661
0.9898
0.9603
0.9864
0.9557
0.9765
0.9833
0.9764
0.9859
0.9819
0.9730
0.9863
0.9939
0.9873
0.9843
0.9910
0.9924
0.9748
0.9905
0.9872
0.9786
0.9619
0.9773
0.9764
0.9830
0.9902
0.9827
0.9935
0.9855
0.9715
0.9858
0.9590
0.9675
0.9877
0.9792
0.9897
0.9770
0.9935
0.9833
0.9824
0.9815
0.9880
0.9824
0.9915
0.9802
0.9943
0.9858
0.9908
0.9746
0.9939
0.9923
0.9764
0.9846
0.9773
0.9846
0.9839
0.9666
0.9909
0.9734
0.9618
0.9652
0.9831
0.9547
0.9715
0.9709
0.9808
0.9743
0.9808
0.9836
0.9877
0.9738
0.9815
0.9844
0.9726
0.9927
0.9920
0.9789
0.9783
0.9793
0.9808
0.9834
0.9906
0.9826
0.9850
0.9759
0.9870
0.9774
0.9923
0.9804
0.9839
0.9785
0.9565
0.9645
0.9929
0.9838
0.9855
0.9916
0.9313
0.9731
0.9857
0.9707
0.9806
0.9773
0.9745
0.9917
0.9812
0.9640
0.9875
0.9516
0.9736
0.9858
0.9884
0.9644
0.9880
0.9758
0.9793
0.9835
0.9892
0.9719
0.9869
0.9897
0.9873
0.9885
0.9841
0.9766
0.9677
0.9856
0.9856
0.9876
0.9909
0.9864
0.9806
0.9716
0.9786
0.9853
0.9907
0.9870
0.9937
0.9813
0.9780
0.9832
0.9728
0.9752
0.9932
0.9680
0.9709
0.9691
0.9720
0.9793
0.9822
0.9872
0.9699
0.9528
0.9915
0.9824
0.9857
0.9688
0.9705
0.9643
0.9924
0.9627
0.9845
0.9786
0.9870
0.9872
0.9856
0.9521
0.9621
0.9927
0.9815
0.9907
0.9786
0.9719
0.9864
0.9861
0.9777
0.9748
0.9824
0.9888
0.9820
0.9621
0.9679
0.9941
0.9829
0.9644
0.9906
0.9800
0.9891
0.9886
0.9867
0.9675
0.9821
0.9831
0.9697
0.9871
0.9897
0.9879
0.9861
0.9768
0.9875
0.9884
0.9776
0.9843
0.9594
0.9856
0.9827
0.9827
0.9785
0.9913
0.9815
0.9784
0.9714
0.9916
0.9768
0.9670
0.9769
0.9921
0.9808
0.9902
0.9797
0.9849
0.9730
0.9524
0.9821
0.9752
0.9747
0.9773
0.9627
0.9709
0.9856
0.9862
