0.9852
0.9616
0.9744
0.9726
0.9674
0.9744
0.9621
0.9762
0.9769
0.9837
0.9807
0.9669
0.9634
0.9525
0.9696
0.9854
0.9648
0.9733
0.9778
0.9804
0.9499
0.9669
0.9788
0.8988
0.9789
0.9766
0.9731
0.9743
0.9775
0.9711
0.9815
0.9681
0.9835
0.9768
0.9663
0.9806
0.9787
0.9785
0.9809
0.9762
0.9702
0.9812
0.9768
0.9620
0.9741
0.9770
0.9805
0.9728
0.9796
0.9616
0.9715
0.9822
0.9769
0.9843
0.9506
0.9866
0.9682
0.9732
0.9705
0.9760
0.9839
0.9713
0.9748
0.9775
0.9886
0.9829
0.9679
0.9779
0.9758
0.9799
0.9789
0.9810
0.9788
0.9798
0.9754
0.9777
0.9731
0.9733
0.9508
0.9762
0.9680
0.9778
0.9656
0.9716
0.9755
0.9732
0.9708
0.9753
0.9701
0.9812
0.9782
0.9466
0.9796
0.9715
0.9577
0.9784
0.9849
0.9853
0.9574
0.9798
0.9734
0.9712
0.9813
0.9617
0.9660
0.9636
0.9559
0.9760
0.9819
0.9814
0.9768
0.9724
0.9768
0.9606
0.9756
0.9709
0.9768
0.9821
0.9776
0.9739
0.9380
0.9671
0.9843
0.9779
0.9782
0.9754
0.9771
0.9799
0.9793
0.9760
0.9613
0.9635
0.9807
0.9673
0.9806
0.9888
0.9749
0.9656
0.9479
0.9807
0.9715
0.9786
0.9773
0.9780
0.9588
0.9804
0.9534
0.9759
0.9691
0.9761
0.9653
0.9689
0.9824
0.9756
0.9745
0.9818
0.9762
0.9831
0.9778
0.9798
0.9802
0.9770
0.9672
0.9693
0.9819
0.9795
0.9767
0.9723
0.9825
0.9772
0.9809
0.9697
0.9686
0.9704
0.9648
0.9784
0.9855
0.9707
0.9663
0.9838
0.9835
0.9826
0.9788
0.9700
0.9671
0.9782
0.9784
0.9842
0.9460
0.9601
0.9628
0.9719
0.9779
0.9736
0.9865
0.9494
0.9698
0.9728
0.9817
0.9746
0.9802
0.9720
0.9809
0.9239
0.9839
0.9819
0.9792
0.9802
0.9721
0.9651
0.9726
0.9667
0.9772
0.9760
0.9812
0.9728
0.9747
0.9643
0.9709
0.9681
0.9776
0.9793
0.9768
0.9747
0.9703
0.9791
0.9789
0.9590
0.9812
0.9728
0.9696
0.9836
0.9691
0.9782
0.9734
0.9828
0.9783
0.9643
0.9728
0.9802
0.9731
0.9675
0.9539
0.9793
0.9589
0.9776
0.9742
0.9536
0.9849
0.9800
0.9794
0.9789
0.9606
0.9703
0.9776
0.9475
0.9829
0.9826
0.9801
0.9534
0.9838
0.9761
0.9796
0.9790
0.9562
0.9802
0.9753
0.9817
0.9751
0.9733
0.9753
0.9671
0.9770
0.9662
0.9741
0.9730
0.9745
0.9816
0.9756
0.9590
0.9729
0.9854
0.9755
0.9807
0.9808
0.9852
0.9561
0.9766
0.9809
0.9732
0.9740
0.9752
0.9683
0.9790
0.9801
0.9494
0.9864
0.9756
0.9722
0.9799
0.9761
0.9698
0.9773
0.9647
0.9780
0.9745
0.9854
0.9798
0.9847
0.9697
0.9770
0.9766
0.9815
0.9768
0.9851
0.9617
0.9786
0.9769
0.9836
0.9865
0.9754
0.9814
0.9751
0.9758
0.9827
0.9673
0.9821
0.9580
0.9705
0.9709
0.9817
0.9760
0.9775
0.9709
0.9785
0.9696
0.9758
0.9550
0.9791
0.9718
0.9653
0.9720
0.9429
0.9876
0.9886
0.9721
0.9785
0.9761
0.9742
0.9724
0.9848
0.9748
0.9772
0.9607
0.9792
0.9726
0.9806
0.9809
0.9632
0.9694
0.9674
0.9730
0.9798
0.9759
0.9718
0.9860
0.9662
0.9662
0.9732
0.9709
0.9722
0.9742
0.9640
0.9817
0.9734
0.9581
0.9785
0.9583
0.9746
0.9854
0.9798
0.9477
0.9767
0.9715
0.9859
0.9737
0.9789
0.9802
0.9803
0.9780
0.9766
0.9815
0.9794
0.9694
0.9702
0.9794
0.9779
0.9774
0.9827
0.9758
0.9836
0.9774
0.9537
0.9684
0.9773
0.9769
0.9843
0.9661
0.9788
0.9735
0.9760
0.9715
0.9845
0.9673
0.9724
0.9803
0.9736
0.9735
0.9739
0.9812
0.9750
0.9620
0.9800
0.9785
0.9729
0.9708
0.9709
0.9409
0.9866
0.9346
0.9739
0.9747
0.9780
0.9808
0.9805
0.9641
0.9668
0.9806
0.9758
0.9819
0.9757
0.9743
0.9794
0.9742
0.9725
0.9750
0.9773
0.9740
0.9801
0.9619
0.9747
0.9858
0.9805
0.9644
0.9827
0.9652
0.9807
0.9819
0.9801
0.9495
0.9677
0.9567
0.9701
0.9776
0.9798
0.9771
0.9810
0.9743
0.9772
0.9809
0.9776
0.9747
0.9573
0.9811
0.9764
0.9775
0.9700
0.9798
0.9630
0.9570
0.9768
0.9828
0.9729
0.9582
0.9719
0.9758
0.9899
0.9845
0.9435
0.9679
0.9769
0.9228
0.9641
0.9773
0.9670
0.9770
0.9407
0.9795
0.9790
0.9716
