0.4802
0.3705
0.3000
0.4359
0.4052
0.3145
0.3784
0.3519
0.3246
0.3915
0.3938
0.3933
0.2979
0.3398
0.3224
0.4106
0.2706
0.3575
0.3432
0.3529
0.3415
0.3323
0.3998
0.3488
0.3677
0.3270
0.3218
0.3928
0.3474
0.3064
0.3579
0.3522
0.3452
0.2870
0.2801
0.3416
0.3757
0.3516
0.4550
0.3068
0.3383
0.3675
0.3163
0.4214
0.4425
0.3477
0.3493
0.2896
0.3308
0.3105
0.3019
0.3500
0.3448
0.3974
0.4068
0.4732
0.4225
0.3196
0.2907
0.3399
0.4760
0.3769
0.3562
0.3502
0.4820
0.4019
0.3581
0.3676
0.3604
0.3422
0.3533
0.3930
0.3412
0.3325
0.3328
0.3127
0.3626
0.3795
0.3295
0.3106
0.3515
0.3653
0.2868
0.3249
0.3138
0.3194
0.3825
0.4272
0.2771
0.4350
0.3662
0.3760
0.3521
0.3114
0.2747
0.3360
0.4035
0.4470
0.3758
0.3527
0.3766
0.3376
0.4724
0.3341
0.3100
0.3376
0.3756
0.3192
0.3601
0.3791
0.3288
0.3938
0.3304
0.3246
0.3181
0.2796
0.3192
0.3667
0.3285
0.3598
0.3736
0.3047
0.4031
0.3803
0.3410
0.3403
0.3131
0.3273
0.3186
0.3138
0.3083
0.3341
0.3178
0.3230
0.3512
0.6300
0.3158
0.3170
0.3772
0.3544
0.3782
0.2905
0.3160
0.3475
0.3990
0.3628
0.3688
0.3519
0.3350
0.3923
0.3813
0.3060
0.4170
0.3214
0.2890
0.3697
0.2943
0.3856
0.4321
0.5308
0.3315
0.3789
0.3905
0.5434
0.3571
0.3439
0.3103
0.3297
0.4536
0.3285
0.3889
0.3480
0.3701
0.3030
0.3656
0.3827
0.4002
0.3773
0.3787
0.4010
0.3656
0.3668
0.3408
0.3824
0.3129
0.3696
0.3158
0.4233
0.3327
0.3267
0.3595
0.3574
0.3101
0.3777
0.4709
0.3017
0.3294
0.3544
0.4307
0.3092
0.3314
0.3491
0.3740
0.3733
0.3863
0.3618
0.3596
0.3559
0.3135
0.4049
0.3271
0.3454
0.2962
0.3402
0.3719
0.3061
0.3603
0.3819
0.3525
0.3377
0.2989
0.3330
0.4218
0.3655
0.3743
0.3987
0.3436
0.3378
0.3661
0.2851
0.3279
0.4973
0.3640
0.4168
0.2991
0.3837
0.3225
0.3196
0.3009
0.3067
0.3667
0.3450
0.4091
0.4001
0.3317
0.3640
0.3162
0.3947
0.4828
0.3368
0.3697
0.3345
0.4047
0.3475
0.3059
0.3756
0.3952
0.3833
0.3413
0.3224
0.3632
0.3852
0.3263
0.3304
0.4051
0.3754
0.3672
0.3496
0.3642
0.3004
0.4019
0.3665
0.3757
0.3000
0.3546
0.3346
0.3599
0.3417
0.3151
0.4083
0.3317
0.4249
0.3666
0.4527
0.4392
0.3666
0.4338
0.3687
0.3402
0.4420
0.3237
0.2961
0.3121
0.3204
0.4285
0.3808
0.4303
0.3373
0.4075
0.3683
0.3271
0.2976
0.3539
0.3563
0.3247
0.3060
0.4475
0.3059
0.4065
0.3326
0.3615
0.3106
0.3943
0.3228
0.3867
0.3867
0.3798
0.3128
0.4075
0.4886
0.2864
0.3531
0.2998
0.3236
0.4183
0.3178
0.3534
0.3821
0.2944
0.3257
0.3337
0.3077
0.3313
0.4372
0.3563
0.4444
0.3422
0.3552
0.3450
0.3398
0.3504
0.3215
0.4070
0.5434
0.5105
0.3299
0.2932
0.3441
0.3044
0.3653
0.4466
0.3168
0.3336
0.3493
0.4439
0.3911
0.3984
0.3828
0.3638
0.2848
0.2987
0.3452
0.3517
0.2958
0.4654
0.4591
0.3052
0.2784
0.3542
0.3462
0.3653
0.3729
0.3339
0.3625
0.2957
0.3499
0.3155
0.3815
0.3374
0.4830
0.3473
0.3276
0.3872
0.3242
0.4953
0.3436
0.4110
0.3622
0.3453
0.3893
0.4061
0.3947
0.3775
0.3865
0.3212
0.3653
0.3718
0.3299
0.4004
0.3519
0.4024
0.4713
0.3418
0.3829
0.3628
0.3374
0.4132
0.3202
0.3381
0.3415
0.3115
0.2972
0.4426
0.3597
0.3118
0.3916
0.3459
0.3194
0.2873
0.4058
0.3124
0.3099
0.3994
0.3777
0.3753
0.3611
0.3395
0.4388
0.4532
0.3369
0.3757
0.3498
0.3755
0.3867
0.3197
0.3376
0.4094
0.3559
0.3397
0.4039
0.3140
0.3025
0.3559
0.3384
0.3025
0.3329
0.3950
0.3610
0.4057
0.3339
0.2902
0.4453
0.3955
0.2841
0.4189
0.3664
0.3536
0.3788
0.3361
0.3133
0.3620
0.3691
0.2800
0.3071
0.4002
0.3229
0.3303
0.3315
0.3447
0.3256
0.3269
0.3510
0.4184
0.3386
0.3349
0.3288
0.3854
0.3487
0.4447
0.3155
0.3826
0.4271
0.2981
0.3512
0.2914
0.4659
0.5148
0.4460
0.4022
0.3682
0.3294
0.2863
0.3984
0.3107
0.3319
0.3146
0.3254
0.3959
0.3065
0.3568
