0.7921
0.2338
0.1678
0.5760
0.5270
0.1721
0.5215
0.3723
0.2181
0.2910
0.2949
0.5096
0.1740
0.3530
0.2160
0.3625
0.1235
0.3884
0.3785
0.3615
0.4147
0.2766
0.3380
0.3237
0.4077
0.3479
0.2293
0.5865
0.2963
0.2033
0.3092
0.6073
0.3156
0.1496
0.1657
0.1754
0.5405
0.3529
0.5310
0.2314
0.3170
0.2822
0.1849
0.8716
0.5852
0.4063
0.5822
0.1286
0.2094
0.2812
0.3086
0.2945
0.2957
0.3794
0.9137
0.7063
0.6937
0.2999
0.1681
0.3254
0.4102
0.5730
0.3861
0.2740
0.4936
0.3412
0.3344
0.3091
0.2284
0.2978
0.3246
0.6008
0.2198
0.1962
0.3067
0.2476
0.3434
0.2709
0.2613
0.2365
0.3554
0.3706
0.1432
0.2119
0.1898
0.1990
0.7737
0.9693
0.1554
0.4129
0.3435
0.4526
0.2222
0.1973
0.1572
0.3191
0.3816
0.5141
0.5385
0.3085
0.3818
0.3871
0.5524
0.3655
0.1736
0.2817
0.4944
0.2069
0.3128
0.2990
0.2050
0.6468
0.2838
0.3843
0.2563
0.1608
0.2457
0.2902
0.2500
0.3660
0.7848
0.1952
0.3555
0.3476
0.2790
0.3391
0.2219
0.1836
0.2753
0.1785
0.2286
0.2803
0.1761
0.2504
0.2484
0.9864
0.2238
0.2265
0.3948
0.3081
0.3919
0.1560
0.3908
0.3735
0.3510
0.3293
0.4620
0.2542
0.3522
0.3472
0.4313
0.1849
0.4948
0.2329
0.1572
0.2185
0.1524
0.3235
0.4538
1.3011
0.2101
0.3438
0.5624
1.3582
0.4167
0.2607
0.2268
0.2480
0.5227
0.2283
0.3338
0.3463
0.3631
0.2201
0.3278
0.3667
0.6190
0.3963
0.4603
0.4038
0.2819
0.3682
0.2662
0.7518
0.2573
0.3125
0.1449
0.4296
0.4789
0.3180
0.3459
0.2892
0.2471
0.4283
0.4291
0.2692
0.2733
0.3507
0.4848
0.1685
0.1386
0.3077
0.3438
0.4848
0.2650
0.3850
0.4531
0.2791
0.2235
0.6905
0.2813
0.3674
0.1620
0.2854
0.3844
0.2368
0.3378
0.4190
0.3207
0.2587
0.2202
0.2590
0.4686
0.3581
0.4534
0.4104
0.2559
0.2701
0.2517
0.1614
0.2311
0.5657
0.3759
0.5456
0.2212
0.4366
0.2645
0.3847
0.2372
0.2047
0.4034
0.2303
0.9647
0.4962
0.3376
0.4517
0.2354
0.6996
0.6221
0.3622
0.2906
0.2493
0.5177
0.3089
0.1844
0.6617
0.3593
0.3042
0.2883
0.3530
0.2934
0.3753
0.2669
0.1935
0.9596
0.4317
0.4638
0.2657
0.3577
0.1539
0.4115
0.4769
0.3083
0.2069
0.2638
0.2634
0.3235
0.2319
0.1655
0.5578
0.3745
0.3701
0.2813
0.5506
0.4272
0.1861
0.7130
0.2776
0.2794
0.6035
0.3399
0.1609
0.2716
0.2105
0.4554
0.5232
0.3613
0.3777
0.4449
0.3616
0.2010
0.1662
0.3017
0.3886
0.2632
0.2014
0.5995
0.1488
0.3866
0.3269
0.3439
0.2758
0.3397
0.2521
0.3455
0.4872
0.4656
0.2614
0.4634
0.5742
0.1624
0.3222
0.1748
0.2203
0.3920
0.3417
0.2323
0.4793
0.1806
0.2523
0.2489
0.1906
0.2413
0.6653
0.3319
0.8580
0.4200
0.3981
0.2947
0.3344
0.4636
0.1725
0.9557
0.5859
0.5744
0.2532
0.1533
0.3782
0.2256
0.3707
0.3437
0.2834
0.2422
0.4274
0.5682
0.4868
0.3219
0.2930
0.3671
0.2343
0.1820
0.3179
0.2889
0.2185
0.6481
0.5540
0.1870
0.1464
0.4288
0.3995
0.3103
0.2046
0.3869
0.3504
0.2107
0.3297
0.2259
0.3634
0.2686
0.5785
0.3072
0.3921
0.4082
0.3049
0.7911
0.5217
0.5341
0.3229
0.2130
0.3422
0.4929
0.3713
0.3063
0.4322
0.3316
0.3046
0.4096
0.2134
0.3740
0.3478
0.3739
0.7274
0.4398
0.4889
0.2778
0.2549
0.4328
0.2334
0.3363
0.3107
0.2001
0.2115
0.3687
0.4061
0.1809
0.3095
0.3665
0.2422
0.2333
0.3321
0.2205
0.1839
0.3778
0.3124
0.3971
0.3415
0.3194
1.0764
0.5763
0.3810
0.3228
0.2933
0.3096
0.4575
0.2303
0.2063
0.3093
0.1926
0.2577
0.5843
0.2639
0.1710
0.3123
0.2400
0.2076
0.2077
0.4266
0.3299
0.4234
0.2671
0.1525
0.4537
0.3182
0.2375
0.3829
0.4073
0.1703
0.4731
0.4036
0.3256
0.4830
0.4110
0.1385
0.1680
0.5472
0.2027
0.3447
0.3687
0.4814
0.2183
0.2154
0.3568
1.2104
0.2035
0.3273
0.3049
0.4686
0.2415
0.5636
0.3186
0.5711
0.5590
0.1911
0.2665
0.2023
0.5124
0.5672
0.3087
0.6933
0.4050
0.3424
0.3617
0.5035
0.2176
0.2371
0.2388
0.3590
0.4400
0.1810
0.3158
