0.7175
0.5353
0.4260
0.7663
0.6925
0.4427
0.7177
0.5498
0.4895
0.5365
0.6003
0.6965
0.4326
0.5965
0.4887
0.5521
0.3695
0.5548
0.5280
0.5039
0.6312
0.5354
0.5996
0.7510
0.5972
0.4835
0.4338
0.7302
0.5405
0.4303
0.5540
0.5620
0.4777
0.3843
0.4221
0.4761
0.6279
0.5265
0.6800
0.4880
0.5420
0.5213
0.4327
0.9030
0.8009
0.6513
0.5199
0.3725
0.4875
0.4659
0.4220
0.5033
0.4892
0.5754
0.9180
0.7019
0.7703
0.4383
0.4508
0.5358
0.6738
0.6130
0.5927
0.5685
0.6492
0.6153
0.5915
0.5466
0.5600
0.4853
0.5216
0.5886
0.4621
0.4449
0.5537
0.4249
0.5780
0.6110
0.5000
0.4590
0.6051
0.5780
0.3887
0.5232
0.4413
0.4508
0.6478
0.7419
0.3727
0.6139
0.5725
0.6314
0.4873
0.4439
0.3604
0.4731
0.5285
0.6400
0.7463
0.5270
0.6258
0.5412
0.7538
0.5716
0.4387
0.5431
0.7292
0.4523
0.5527
0.5276
0.4595
0.6740
0.4686
0.5416
0.4745
0.3893
0.4636
0.5447
0.4628
0.5754
0.8754
0.4354
0.5803
0.5476
0.5262
0.5239
0.4571
0.4291
0.4812
0.4441
0.4592
0.5371
0.4397
0.4697
0.4908
0.9668
0.4583
0.4672
0.7379
0.5071
0.6105
0.3904
0.4515
0.5397
0.7327
0.5645
0.6742
0.5333
0.5738
0.6050
0.6480
0.4677
0.6019
0.4722
0.4024
0.4963
0.3918
0.5546
0.6737
1.0481
0.4756
0.5634
0.7139
1.1022
0.5130
0.5377
0.4436
0.4865
0.6933
0.4865
0.5640
0.5656
0.6559
0.4480
0.6416
0.5559
0.6906
0.6045
0.6457
0.5815
0.5059
0.5773
0.5164
0.7081
0.5141
0.5864
0.4304
0.6234
0.7106
0.5203
0.6159
0.5906
0.4643
0.6029
0.6811
0.4640
0.5505
0.5987
0.6376
0.4199
0.4386
0.5390
0.5647
0.8176
0.5799
0.5374
0.5600
0.5074
0.4648
0.7742
0.5028
0.5931
0.4020
0.5162
0.5771
0.4903
0.5513
0.6464
0.5259
0.5076
0.4191
0.5276
0.6481
0.5839
0.6526
0.5781
0.4979
0.5480
0.5113
0.4065
0.5068
0.7407
0.5917
0.6712
0.4263
0.6140
0.4917
0.6230
0.4242
0.4287
0.6017
0.5330
0.8668
0.6349
0.5339
0.5650
0.4754
0.8111
0.6837
0.4604
0.5770
0.4701
0.6872
0.5598
0.4317
0.8030
0.5847
0.5753
0.4698
0.6112
0.5321
0.6150
0.4671
0.4394
0.8970
0.6322
0.5478
0.4848
0.5424
0.4090
0.5922
0.6707
0.5720
0.4102
0.5404
0.5996
0.5659
0.4995
0.4420
0.7519
0.4909
0.5993
0.5566
0.6740
0.6433
0.4952
0.8729
0.5471
0.5125
0.7876
0.5032
0.4063
0.4838
0.4887
0.6487
0.7051
0.5991
0.5136
0.6714
0.5740
0.4667
0.4052
0.5358
0.6101
0.4436
0.4428
0.6257
0.4105
0.5812
0.5511
0.5540
0.4498
0.6072
0.4932
0.5474
0.6710
0.5698
0.4929
0.5732
0.7135
0.4005
0.5649
0.4268
0.4700
0.5803
0.5355
0.4970
0.6727
0.4025
0.5392
0.5176
0.4227
0.4846
0.7884
0.5119
0.9361
0.5061
0.6406
0.5256
0.5284
0.5942
0.4366
0.9508
0.8481
0.7489
0.4918
0.4019
0.5445
0.4685
0.5978
0.7229
0.4601
0.4631
0.5965
0.7345
0.6547
0.5682
0.5745
0.5821
0.3835
0.4107
0.5639
0.4851
0.4157
0.7892
0.6357
0.4119
0.3793
0.5458
0.6059
0.5857
0.5733
0.5398
0.5193
0.4307
0.6024
0.4378
0.6532
0.5014
0.8893
0.5130
0.6010
0.6042
0.5331
0.8403
0.5615
0.6397
0.5159
0.4692
0.6251
0.6614
0.5813
0.5896
0.6556
0.5279
0.5627
0.5916
0.4617
0.5916
0.5584
0.6041
0.8565
0.5748
0.6457
0.5419
0.5079
0.5811
0.4860
0.4514
0.5433
0.4384
0.4613
0.6367
0.6342
0.4332
0.6222
0.5511
0.4930
0.4331
0.6108
0.4768
0.4658
0.6063
0.5813
0.6139
0.5810
0.5403
1.0384
0.6209
0.6151
0.5803
0.5061
0.5772
0.5896
0.4426
0.4786
0.6560
0.4821
0.4924
0.6308
0.5202
0.4115
0.5463
0.5093
0.4417
0.4902
0.6315
0.5674
0.6171
0.5713
0.3878
0.6747
0.5846
0.4566
0.6522
0.6443
0.4829
0.5648
0.5331
0.5177
0.6372
0.6504
0.3640
0.4191
0.6141
0.4615
0.4924
0.5183
0.5943
0.4536
0.4877
0.5586
1.0181
0.4798
0.5422
0.4954
0.7261
0.5069
0.7920
0.4992
0.6104
0.6483
0.4379
0.5579
0.4153
0.7460
0.6989
0.6439
0.8132
0.6470
0.4682
0.5261
0.6922
0.4431
0.4949
0.4667
0.5993
0.6298
0.4155
0.5650
