0.9759
0.9295
0.9565
0.9691
0.9692
0.9467
0.8987
0.9664
0.9635
0.9749
0.9678
0.9491
0.9368
0.9294
0.9371
0.9793
0.9381
0.9349
0.9674
0.9718
0.9427
0.9580
0.9859
0.7882
0.9782
0.9759
0.9416
0.9707
0.9805
0.9668
0.9846
0.9356
0.9702
0.9601
0.9368
0.9602
0.9617
0.9751
0.9788
0.9625
0.9639
0.9737
0.9801
0.9379
0.9704
0.9728
0.9698
0.9581
0.9803
0.9268
0.9425
0.9792
0.9708
0.9707
0.9400
0.9744
0.9684
0.9516
0.9500
0.9728
0.9784
0.9516
0.9760
0.9673
0.9752
0.9791
0.9572
0.9744
0.9010
0.9710
0.9565
0.9707
0.9610
0.9698
0.9638
0.9657
0.9520
0.9653
0.8976
0.9618
0.9615
0.9728
0.9353
0.9550
0.9598
0.9662
0.9844
0.9515
0.9490
0.9747
0.9518
0.9135
0.9829
0.9520
0.8990
0.9642
0.9774
0.9691
0.9360
0.9732
0.9699
0.9679
0.9818
0.9560
0.9644
0.9514
0.9153
0.9693
0.9729
0.9679
0.9655
0.9508
0.9482
0.9316
0.9652
0.9623
0.9661
0.9725
0.9547
0.9594
0.8160
0.9666
0.9723
0.9784
0.9561
0.9697
0.9665
0.9702
0.9695
0.9614
0.9623
0.9611
0.9762
0.9577
0.9646
0.9721
0.9690
0.9444
0.9286
0.9865
0.9771
0.9697
0.9541
0.9775
0.9218
0.9686
0.8876
0.9639
0.9728
0.9624
0.9701
0.9377
0.9710
0.9547
0.9742
0.9773
0.9575
0.9770
0.9765
0.9719
0.9702
0.9704
0.9628
0.9649
0.9807
0.9625
0.9644
0.9758
0.9802
0.9675
0.9761
0.9686
0.9644
0.9463
0.9647
0.9790
0.9690
0.9652
0.9732
0.9805
0.9809
0.9784
0.9799
0.9659
0.9520
0.9770
0.9648
0.9801
0.8922
0.9446
0.9258
0.9694
0.9639
0.9435
0.9801
0.9147
0.9758
0.9643
0.9767
0.9624
0.9653
0.9677
0.9684
0.8741
0.9797
0.9754
0.9794
0.9724
0.9745
0.9651
0.9662
0.9568
0.9653
0.9757
0.9816
0.9561
0.9760
0.9708
0.9450
0.9720
0.9554
0.9765
0.9711
0.9799
0.9735
0.9693
0.9700
0.9034
0.9778
0.9578
0.9587
0.9840
0.9706
0.9723
0.9615
0.9781
0.9605
0.9190
0.9450
0.9741
0.9552
0.9460
0.9290
0.9579
0.8986
0.9731
0.9646
0.8945
0.9779
0.9690
0.9750
0.9821
0.9605
0.9733
0.9715
0.9417
0.9766
0.9711
0.9822
0.9138
0.9762
0.9635
0.9667
0.9695
0.9405
0.9657
0.9633
0.9707
0.9754
0.9534
0.9636
0.9633
0.9609
0.9476
0.9706
0.9585
0.9728
0.9704
0.9619
0.9484
0.9616
0.9724
0.9443
0.9677
0.9804
0.9792
0.8794
0.9703
0.9778
0.9600
0.9805
0.9574
0.9673
0.9690
0.9693
0.9247
0.9675
0.9763
0.9670
0.9366
0.9832
0.9339
0.9798
0.9511
0.9420
0.9576
0.9784
0.9689
0.9793
0.9530
0.9465
0.9619
0.9610
0.9702
0.9817
0.9678
0.9784
0.9709
0.9842
0.9720
0.9647
0.9699
0.9706
0.9649
0.9815
0.9500
0.9716
0.9576
0.9563
0.9555
0.9806
0.9750
0.9733
0.9680
0.9670
0.9704
0.9626
0.9431
0.9730
0.9451
0.9412
0.9494
0.8764
0.9798
0.9769
0.9540
0.9702
0.9627
0.9577
0.9634
0.9698
0.9519
0.9732
0.9310
0.9734
0.9715
0.9646
0.9405
0.9275
0.9489
0.9548
0.9698
0.9702
0.9592
0.9185
0.9726
0.9400
0.9389
0.9174
0.9617
0.9591
0.9258
0.9582
0.9677
0.9609
0.9339
0.9719
0.9438
0.9572
0.9777
0.9819
0.9286
0.9817
0.9421
0.9770
0.9590
0.9754
0.9773
0.9711
0.9781
0.9704
0.9767
0.9650
0.9423
0.9562
0.9792
0.9732
0.9548
0.9564
0.9585
0.9601
0.9805
0.9686
0.9673
0.9659
0.9749
0.9687
0.9086
0.9634
0.9738
0.9685
0.9572
0.9830
0.9562
0.9507
0.9720
0.9649
0.9637
0.9527
0.9828
0.9596
0.9287
0.9778
0.9615
0.9693
0.9687
0.9660
0.8783
0.9656
0.9101
0.9628
0.9526
0.9687
0.9669
0.9721
0.9346
0.9650
0.9683
0.9614
0.9675
0.9556
0.9667
0.9813
0.9563
0.9634
0.9640
0.9857
0.9629
0.9585
0.9353
0.9628
0.9722
0.9626
0.9427
0.9820
0.9656
0.9636
0.9748
0.9670
0.9438
0.9166
0.9488
0.9572
0.9685
0.9720
0.9574
0.9675
0.9741
0.9588
0.9766
0.9771
0.9609
0.8827
0.9718
0.9796
0.9618
0.9643
0.9672
0.9418
0.9102
0.9793
0.9750
0.9678
0.9015
0.9665
0.9702
0.9810
0.9722
0.8346
0.9426
0.9655
0.7148
0.9776
0.9752
0.9389
0.9625
0.9204
0.9834
0.9703
0.9522
