0.9866
0.9387
0.9635
0.9550
0.9772
0.9276
0.9329
0.9791
0.9631
0.9791
0.9745
0.9420
0.9675
0.9757
0.9637
0.9866
0.9206
0.9417
0.9730
0.9705
0.9758
0.9699
0.9780
0.9086
0.9785
0.9874
0.9351
0.9656
0.9763
0.9496
0.9822
0.9364
0.9623
0.9437
0.9570
0.9651
0.9603
0.9639
0.9779
0.9667
0.9757
0.9704
0.9118
0.9721
0.9626
0.9824
0.9826
0.9813
0.9863
0.9334
0.9556
0.9790
0.9822
0.9655
0.9642
0.9784
0.9580
0.9343
0.9477
0.9750
0.9873
0.9643
0.9649
0.9763
0.9696
0.9839
0.9626
0.9814
0.9245
0.9761
0.9525
0.9635
0.9203
0.9530
0.9525
0.9737
0.9621
0.9791
0.9529
0.9573
0.9772
0.9713
0.9474
0.9629
0.9672
0.9534
0.9796
0.9467
0.9470
0.9823
0.9479
0.9081
0.9795
0.9462
0.9498
0.9674
0.9825
0.9745
0.9540
0.9791
0.9678
0.9601
0.9844
0.9681
0.9566
0.9496
0.9727
0.9719
0.9715
0.9705
0.9684
0.9340
0.8817
0.9251
0.9680
0.9706
0.9706
0.9762
0.8747
0.9610
0.9212
0.9652
0.9739
0.9826
0.9612
0.9580
0.9595
0.9742
0.9702
0.9635
0.9557
0.9820
0.9867
0.9530
0.9629
0.9591
0.9619
0.9512
0.9485
0.9527
0.9834
0.9728
0.9475
0.9776
0.9511
0.9701
0.9255
0.9689
0.9701
0.9760
0.9658
0.9493
0.9721
0.9522
0.9866
0.9471
0.9589
0.9709
0.9791
0.9770
0.9811
0.9854
0.9713
0.9723
0.9807
0.9657
0.9381
0.9769
0.9884
0.9714
0.9793
0.9731
0.9794
0.9589
0.9427
0.9850
0.9402
0.9699
0.9615
0.9861
0.9844
0.9781
0.9852
0.9690
0.9553
0.9854
0.9682
0.9871
0.9590
0.9643
0.9440
0.9652
0.9552
0.9470
0.9854
0.9185
0.9807
0.9625
0.9795
0.9674
0.9714
0.9772
0.9595
0.9287
0.9874
0.9854
0.9855
0.9795
0.9823
0.9705
0.9713
0.9811
0.9671
0.9756
0.9621
0.9607
0.9753
0.9798
0.9592
0.9796
0.9471
0.9839
0.9842
0.9894
0.9843
0.9719
0.9781
0.9362
0.9731
0.9607
0.9603
0.9842
0.9577
0.9708
0.9126
0.9881
0.9575
0.9505
0.9524
0.9653
0.9684
0.9795
0.9457
0.9430
0.9310
0.9818
0.9684
0.9766
0.9796
0.9714
0.9747
0.9570
0.9803
0.9621
0.9782
0.9507
0.9851
0.9820
0.9765
0.9711
0.9803
0.9592
0.9612
0.9255
0.9707
0.9603
0.9774
0.9640
0.9854
0.9251
0.9811
0.9568
0.9699
0.9131
0.9612
0.9718
0.9645
0.9618
0.9720
0.9653
0.9699
0.9698
0.9627
0.9359
0.9862
0.9825
0.9473
0.9827
0.9820
0.9759
0.9640
0.9581
0.9692
0.9720
0.9794
0.9707
0.9785
0.9808
0.9590
0.9801
0.9458
0.9447
0.9773
0.9637
0.9567
0.9629
0.9833
0.9623
0.9737
0.9651
0.9525
0.9544
0.9691
0.9710
0.9838
0.9789
0.9895
0.9618
0.9879
0.9745
0.9677
0.9676
0.9888
0.9728
0.9753
0.9680
0.9743
0.9741
0.9534
0.9279
0.9866
0.9154
0.9508
0.9612
0.9674
0.9712
0.9775
0.9712
0.9833
0.9298
0.9520
0.9393
0.9738
0.9870
0.9879
0.9600
0.9734
0.9621
0.9663
0.9578
0.9628
0.9524
0.9689
0.9692
0.9728
0.9590
0.9833
0.8797
0.9685
0.9559
0.9359
0.9776
0.9711
0.9577
0.9636
0.9862
0.9334
0.9371
0.9627
0.9714
0.9739
0.9532
0.9725
0.9773
0.9673
0.9643
0.9842
0.9407
0.9661
0.9724
0.9876
0.9687
0.9800
0.9491
0.9681
0.9628
0.9854
0.9575
0.9617
0.9753
0.9727
0.9837
0.9576
0.9495
0.9556
0.9772
0.9837
0.9637
0.9779
0.9576
0.9528
0.9584
0.9796
0.9748
0.9678
0.9890
0.9755
0.9596
0.8878
0.9824
0.9786
0.9585
0.9852
0.9604
0.9456
0.9705
0.9606
0.9611
0.9446
0.9799
0.9515
0.9459
0.9903
0.9762
0.9762
0.9472
0.9774
0.9614
0.9686
0.9550
0.9773
0.9477
0.9657
0.9519
0.9704
0.9271
0.9666
0.9740
0.9544
0.9610
0.9551
0.9752
0.9828
0.9538
0.9658
0.9676
0.9890
0.9869
0.9202
0.9330
0.9632
0.9733
0.9659
0.9402
0.9837
0.9837
0.9642
0.9816
0.9666
0.9626
0.9390
0.9754
0.9512
0.9747
0.9807
0.9556
0.9598
0.9828
0.9696
0.9837
0.9732
0.9665
0.9304
0.9714
0.9830
0.9614
0.9767
0.9736
0.9694
0.9440
0.9792
0.9818
0.9740
0.9319
0.9766
0.9764
0.9756
0.9731
0.9234
0.9805
0.9440
0.8655
0.9890
0.9668
0.9749
0.9601
0.9440
0.9715
0.9682
0.9623
