0.3308
0.5163
0.3242
0.4569
0.3806
0.4565
0.6754
0.3152
0.3114
0.3032
0.3235
0.4778
0.3303
0.3187
0.3893
0.3111
0.3379
0.5184
0.3112
0.3230
0.3051
0.3153
0.4576
0.6671
0.3755
0.3586
0.4147
0.3191
0.4358
0.3343
0.4811
0.5336
0.3252
0.4239
0.3733
0.3106
0.3891
0.4830
0.4855
0.3175
0.3158
0.3819
0.3385
0.5021
0.5301
0.2998
0.3809
0.2799
0.3198
0.5175
0.4530
0.3306
0.2953
0.3611
0.5329
0.3187
0.4546
0.3437
0.3128
0.3286
0.3605
0.5120
0.3712
0.3037
0.3196
0.3159
0.3429
0.3431
0.5336
0.3420
0.4008
0.3177
0.3414
0.2842
0.3682
0.2754
0.3900
0.3581
0.5593
0.3595
0.4084
0.3232
0.3734
0.3764
0.2747
0.2950
0.4389
0.6053
0.3722
0.3634
0.3747
0.6791
0.4238
0.3725
0.4558
0.3168
0.2904
0.3529
0.4770
0.3607
0.3709
0.3593
0.3660
0.3130
0.3234
0.4086
0.5481
0.3075
0.3340
0.2638
0.2878
0.6012
0.5051
0.5418
0.2859
0.2624
0.3139
0.3251
0.3696
0.3320
0.7303
0.3487
0.2680
0.4883
0.3305
0.3750
0.3328
0.2596
0.2857
0.2851
0.3072
0.3271
0.2982
0.3244
0.3317
0.7723
0.3616
0.3838
0.5419
0.4523
0.3743
0.2615
0.3258
0.4292
0.4830
0.2834
0.6715
0.3052
0.3507
0.3606
0.4954
0.4459
0.3436
0.3589
0.3259
0.3162
0.3141
0.3099
0.4886
0.4794
0.2733
0.3622
0.3445
0.5922
0.4582
0.3489
0.3911
0.3130
0.4145
0.2945
0.3186
0.3244
0.3728
0.3698
0.3494
0.3013
0.6751
0.3477
0.3923
0.3799
0.3004
0.3579
0.3426
0.4449
0.3225
0.3629
0.2729
0.3629
0.5054
0.3448
0.5757
0.4013
0.3630
0.5025
0.3607
0.4353
0.3395
0.3496
0.4627
0.2784
0.2577
0.4740
0.4213
0.5104
0.3000
0.3048
0.4540
0.2780
0.2931
0.4585
0.3057
0.4081
0.2620
0.3607
0.4675
0.3156
0.3482
0.3329
0.3659
0.3368
0.4034
0.3917
0.3742
0.3749
0.3408
0.3313
0.3592
0.5473
0.4177
0.2976
0.3299
0.3937
0.4129
0.4261
0.3383
0.3648
0.3834
0.4253
0.3603
0.3214
0.6390
0.4000
0.5075
0.5799
0.6232
0.3505
0.2928
0.5666
0.3210
0.2673
0.3434
0.4504
0.3455
0.4276
0.2726
0.4806
0.3207
0.3196
0.3593
0.3985
0.2847
0.3584
0.3712
0.2957
0.4616
0.2971
0.3150
0.3235
0.3185
0.3620
0.3686
0.3277
0.3145
0.4271
0.3847
0.3236
0.3620
0.3281
0.2657
0.4723
0.3499
0.2954
0.3770
0.5348
0.3401
0.3085
0.8085
0.3432
0.4312
0.4995
0.4626
0.3067
0.3411
0.2968
0.3422
0.5449
0.3130
0.4403
0.4211
0.4740
0.3727
0.4150
0.5269
0.3699
0.4102
0.3271
0.3281
0.2750
0.5005
0.3266
0.4400
0.3359
0.3019
0.3991
0.3380
0.5152
0.3508
0.3092
0.4017
0.3041
0.2735
0.3320
0.3120
0.2862
0.4479
0.3240
0.3175
0.4372
0.3037
0.4137
0.3258
0.3665
0.3591
0.5581
0.3149
0.4301
0.3771
0.4213
0.3725
0.4233
0.3977
0.3485
0.5734
0.3876
0.3095
0.3574
0.2662
0.3573
0.2949
0.4261
0.3952
0.3872
0.3572
0.5785
0.5950
0.3352
0.2964
0.6878
0.4711
0.2936
0.3655
0.3181
0.2782
0.3071
0.9065
0.3034
0.4467
0.4017
0.4530
0.3429
0.2967
0.4404
0.3036
0.2956
0.3334
0.4859
0.2791
0.4431
0.3430
0.6110
0.3692
0.4018
0.4006
0.4142
0.4848
0.3355
0.4557
0.4298
0.3260
0.3769
0.3716
0.3103
0.4129
0.4054
0.3257
0.4319
0.4894
0.3149
0.2944
0.3450
0.4126
0.5368
0.3847
0.4641
0.3343
0.3710
0.3277
0.6224
0.3356
0.3280
0.3039
0.3187
0.3381
0.4092
0.3365
0.5701
0.4374
0.3373
0.3785
0.5356
0.3330
0.4216
0.3711
0.3336
0.3318
0.5114
0.3370
0.6751
0.3287
0.4422
0.4854
0.3598
0.3344
0.4408
0.2936
0.5208
0.3122
0.2539
0.3584
0.3619
0.3750
0.3066
0.4493
0.4032
0.2866
0.3014
0.4714
0.3710
0.6597
0.4531
0.2705
0.3079
0.3629
0.3405
0.3702
0.3396
0.2874
0.3498
0.3289
0.2906
0.4650
0.4247
0.2855
0.2554
0.3669
0.3703
0.3889
0.3129
0.3240
0.2900
0.3219
0.2996
0.4738
0.2700
0.4135
0.3631
0.4263
0.2858
0.6379
0.5219
0.4593
0.3663
0.2687
0.5797
0.2879
0.3779
0.4264
0.2999
0.8974
0.4056
0.2993
0.8223
0.4402
0.3209
0.3581
0.3300
0.3934
0.5259
0.2780
0.3594
