0.2917
0.5354
0.2323
0.6580
0.3829
0.4335
1.3742
0.2717
0.2293
0.2199
0.2782
0.5681
0.3010
0.2077
0.3392
0.1868
0.2423
0.5269
0.2598
0.3043
0.1972
0.2271
0.4362
1.0150
0.3715
0.2861
0.3820
0.3494
0.4957
0.2762
0.6068
0.9622
0.2342
0.3490
0.3311
0.2209
0.3401
0.7652
0.6403
0.3081
0.2311
0.4289
0.2431
0.6946
0.9836
0.2128
0.4710
0.1559
0.2375
0.5540
0.5485
0.2726
0.1733
0.2944
1.0032
0.3230
0.7292
0.2389
0.2062
0.3342
0.3060
0.7478
0.3700
0.2725
0.2285
0.2358
0.2818
0.2732
0.6007
0.3067
0.4686
0.3376
0.2401
0.1750
0.3780
0.1821
0.4421
0.4834
0.6612
0.3098
0.3950
0.2671
0.2676
0.3470
0.2034
0.1713
0.5106
1.3465
0.3076
0.3413
0.4223
0.9170
0.3723
0.3063
0.4155
0.2854
0.1747
0.4045
0.6528
0.2915
0.3576
0.2760
0.3923
0.2330
0.2069
0.6114
0.8685
0.2211
0.2972
0.1266
0.2280
1.2461
0.5567
0.6538
0.1762
0.1497
0.2637
0.2810
0.2749
0.2746
1.3021
0.2660
0.1477
0.5067
0.2418
0.3750
0.2430
0.1335
0.2376
0.1888
0.2026
0.3443
0.1842
0.2161
0.2507
1.4497
0.3122
0.2982
0.9846
0.4174
0.3146
0.1265
0.2648
0.6893
0.7382
0.2409
0.9328
0.2196
0.3665
0.3808
0.5978
0.5069
0.3119
0.2759
0.2277
0.2255
0.1921
0.2038
0.7358
0.7872
0.1925
0.3611
0.3635
1.2607
0.5153
0.2976
0.4043
0.2289
0.4375
0.1902
0.2331
0.2973
0.3749
0.3081
0.3329
0.1866
1.0391
0.3052
0.3711
0.3433
0.1868
0.3254
0.3211
0.7854
0.3302
0.4430
0.1566
0.3563
0.8224
0.3129
0.8266
0.4706
0.3146
0.9590
0.3330
0.4174
0.3124
0.4104
0.7282
0.1631
0.1260
0.5801
0.5938
0.6925
0.2096
0.2672
0.6288
0.1566
0.2109
0.6064
0.2028
0.6166
0.1369
0.3788
0.6528
0.2512
0.3352
0.2881
0.2849
0.2498
0.3432
0.4538
0.3753
0.3388
0.3440
0.2906
0.4008
0.6535
0.4350
0.2052
0.2628
0.4089
0.4845
0.6395
0.2319
0.4154
0.3661
0.4730
0.2836
0.2178
1.3313
0.4049
0.9330
0.8893
0.8837
0.2811
0.1804
1.0078
0.2308
0.1475
0.3615
0.4946
0.2851
0.4939
0.1578
0.5800
0.2446
0.3276
0.2817
0.4135
0.1819
0.3680
0.3309
0.1862
0.5318
0.2525
0.2522
0.2448
0.2260
0.2569
0.3446
0.2543
0.2852
0.3424
0.3395
0.2762
0.3501
0.2650
0.1455
0.6781
0.4107
0.2216
0.3196
0.7650
0.3067
0.1963
1.5666
0.2890
0.5673
0.7846
0.5395
0.1824
0.3201
0.2607
0.4147
0.7102
0.2559
0.5303
0.4622
0.6155
0.3004
0.3209
0.6783
0.4059
0.3756
0.2277
0.2666
0.1430
0.5546
0.2535
0.4253
0.2422
0.2165
0.3951
0.2556
0.7940
0.2765
0.2533
0.3394
0.2643
0.1521
0.2865
0.2237
0.1932
0.4301
0.3021
0.2968
0.6214
0.1818
0.4792
0.2848
0.2682
0.3570
1.4733
0.3446
0.5500
0.3667
0.4316
0.4073
0.4112
0.4489
0.2855
1.0702
0.4629
0.3124
0.3055
0.1558
0.3147
0.2559
0.5212
0.4608
0.3121
0.2751
1.1587
1.1930
0.3314
0.1895
1.2686
0.6176
0.2095
0.2648
0.3093
0.1641
0.1949
2.4335
0.2126
0.4193
0.3554
0.8649
0.3818
0.1872
0.4278
0.2461
0.1906
0.2797
0.7418
0.1552
0.4730
0.2744
1.0353
0.3475
0.4274
0.4322
0.3746
0.7550
0.2842
0.5025
0.4368
0.2378
0.3603
0.4684
0.2199
0.4257
0.3743
0.2581
0.4953
0.6023
0.2118
0.2133
0.2624
0.7008
1.0917
0.3757
0.7154
0.3017
0.3423
0.2755
1.2292
0.2349
0.2600
0.1934
0.2573
0.2305
0.5057
0.2474
0.6974
0.4694
0.3963
0.2984
0.6520
0.2478
0.4073
0.3763
0.3740
0.3347
0.6471
0.3072
1.2725
0.2627
0.5030
0.5996
0.3638
0.3023
0.4999
0.1738
0.5004
0.2505
0.1268
0.3473
0.3753
0.3692
0.2119
0.5025
0.4393
0.1740
0.2001
0.4757
0.3235
1.1557
0.4846
0.1388
0.2763
0.3533
0.3164
0.3553
0.2949
0.1787
0.3496
0.2626
0.2081
0.6000
1.0114
0.1676
0.1232
0.3393
0.3565
0.3887
0.2605
0.3552
0.1832
0.2243
0.2233
0.5871
0.1494
0.3971
0.4117
0.5998
0.1992
0.9820
0.6455
0.4293
0.4723
0.1403
0.7158
0.1844
0.5767
0.6606
0.2389
1.7833
0.5269
0.1836
1.4457
0.5277
0.2125
0.3088
0.2134
0.4196
0.6345
0.1584
0.3736
