0.5401
0.7317
0.4820
0.8112
0.6188
0.6584
1.1723
0.5213
0.4788
0.4689
0.5275
0.7537
0.5487
0.4558
0.5824
0.4322
0.4923
0.7259
0.5097
0.5516
0.4440
0.4766
0.6605
1.0075
0.6095
0.5348
0.6180
0.5911
0.7041
0.5256
0.7790
0.9809
0.4839
0.5907
0.5754
0.4700
0.5832
0.8748
0.8002
0.5551
0.4807
0.6549
0.4931
0.8334
0.9918
0.4614
0.6863
0.3948
0.4873
0.7443
0.7406
0.5221
0.4163
0.5426
1.0016
0.5683
0.8540
0.4888
0.4541
0.5781
0.5532
0.8647
0.6083
0.5220
0.4780
0.4856
0.5309
0.5227
0.7750
0.5538
0.6845
0.5811
0.4900
0.4183
0.6149
0.4267
0.6649
0.6952
0.8131
0.5566
0.6285
0.5168
0.5173
0.5890
0.4510
0.4139
0.7146
1.1604
0.5546
0.5842
0.6498
0.9576
0.6102
0.5534
0.6446
0.5343
0.4179
0.6360
0.8080
0.5399
0.5980
0.5254
0.6264
0.4827
0.4549
0.7819
0.9319
0.4702
0.5451
0.3557
0.4775
1.1163
0.7461
0.8086
0.4198
0.3869
0.5136
0.5301
0.5243
0.5241
1.1411
0.5158
0.3843
0.7118
0.4917
0.6123
0.4930
0.3654
0.4875
0.4346
0.4502
0.5868
0.4292
0.4648
0.5007
1.2040
0.5588
0.5461
0.9923
0.6461
0.5609
0.3557
0.5146
0.8302
0.8592
0.4908
0.9658
0.4686
0.6054
0.6171
0.7732
0.7120
0.5585
0.5253
0.4771
0.4749
0.4383
0.4514
0.8578
0.8873
0.4387
0.6009
0.6029
1.1228
0.7178
0.5456
0.6359
0.4784
0.6615
0.4361
0.4828
0.5453
0.6123
0.5550
0.5770
0.4320
1.0193
0.5524
0.6092
0.5859
0.4322
0.5705
0.5667
0.8862
0.5747
0.6656
0.3957
0.5969
0.9069
0.5594
0.9092
0.6860
0.5609
0.9793
0.5771
0.6461
0.5590
0.6406
0.8533
0.4039
0.3549
0.7616
0.7706
0.8321
0.4579
0.5169
0.7930
0.3957
0.4593
0.7787
0.4504
0.7853
0.3700
0.6155
0.8079
0.5012
0.5789
0.5368
0.5338
0.4998
0.5859
0.6737
0.6126
0.5821
0.5865
0.5391
0.6331
0.8084
0.6596
0.4530
0.5126
0.6395
0.6961
0.7997
0.4816
0.6445
0.6050
0.6878
0.5326
0.4667
1.1538
0.6363
0.9659
0.9430
0.9400
0.5302
0.4248
1.0039
0.4805
0.3840
0.6012
0.7033
0.5340
0.7028
0.3972
0.7616
0.4946
0.5724
0.5308
0.6430
0.4265
0.6067
0.5753
0.4316
0.7292
0.5025
0.5022
0.4947
0.4754
0.5068
0.5870
0.5043
0.5340
0.5852
0.5827
0.5256
0.5917
0.5147
0.3814
0.8235
0.6409
0.4707
0.5653
0.8746
0.5538
0.4431
1.2516
0.5376
0.7532
0.8858
0.7345
0.4270
0.5658
0.5106
0.6440
0.8427
0.5059
0.7282
0.6798
0.7845
0.5481
0.5664
0.8236
0.6371
0.6128
0.4772
0.5163
0.3782
0.7447
0.5035
0.6522
0.4922
0.4653
0.6286
0.5055
0.8911
0.5258
0.5033
0.5826
0.5141
0.3901
0.5353
0.4730
0.4396
0.6558
0.5496
0.5448
0.7883
0.4264
0.6923
0.5336
0.5179
0.5975
1.2138
0.5871
0.7416
0.6056
0.6570
0.6382
0.6412
0.6700
0.5343
1.0345
0.6803
0.5589
0.5527
0.3948
0.5609
0.5059
0.7219
0.6788
0.5587
0.5245
1.0764
1.0923
0.5757
0.4353
1.1263
0.7859
0.4577
0.5146
0.5562
0.4051
0.4415
1.5600
0.4611
0.6476
0.5962
0.9300
0.6179
0.4327
0.6541
0.4961
0.4365
0.5289
0.8613
0.3939
0.6878
0.5239
1.0175
0.5895
0.6538
0.6574
0.6120
0.8689
0.5331
0.7089
0.6609
0.4877
0.6002
0.6844
0.4689
0.6525
0.6118
0.5081
0.7038
0.7761
0.4602
0.4618
0.5123
0.8372
1.0448
0.6129
0.8458
0.5492
0.5850
0.5249
1.1087
0.4847
0.5099
0.4398
0.5072
0.4801
0.7111
0.4974
0.8351
0.6851
0.6295
0.5463
0.8074
0.4978
0.6382
0.6135
0.6116
0.5785
0.8044
0.5542
1.1280
0.5126
0.7092
0.7744
0.6031
0.5498
0.7070
0.4168
0.7074
0.5005
0.3561
0.5893
0.6126
0.6076
0.4603
0.7089
0.6628
0.4172
0.4473
0.6897
0.5688
1.0750
0.6962
0.3726
0.5256
0.5944
0.5625
0.5961
0.5430
0.4227
0.5913
0.5125
0.4561
0.7746
1.0057
0.4094
0.3511
0.5825
0.5971
0.6235
0.5104
0.5960
0.4280
0.4736
0.4726
0.7662
0.3866
0.6301
0.6416
0.7745
0.4463
0.9909
0.8034
0.6552
0.6872
0.3745
0.8461
0.4294
0.7594
0.8128
0.4888
1.3354
0.7259
0.4284
1.2024
0.7264
0.4610
0.5557
0.4619
0.6477
0.7966
0.3980
0.6112
