0.9376
0.9843
0.9737
0.9263
0.9455
0.9671
0.9241
0.9607
0.9463
0.9514
0.9495
0.9491
0.9706
0.9622
0.9671
0.9375
0.9730
0.9654
0.9405
0.9712
0.9665
0.9413
0.9450
0.9562
0.9709
0.9547
0.9417
0.9524
0.9344
0.9724
0.9561
0.9502
0.9399
0.9684
0.9182
0.9697
0.9583
0.9516
0.9054
0.9711
0.9709
0.9688
0.9578
0.9680
0.9664
0.9301
0.9359
0.9207
0.9610
0.9652
0.9770
0.9742
0.9550
0.9675
0.9236
0.9277
0.9663
0.9673
0.9720
0.9787
0.9587
0.9126
0.9304
0.9181
0.9752
0.9780
0.9375
0.9778
0.9550
0.9465
0.9514
0.9598
0.9203
0.9487
0.9595
0.9054
0.9635
0.9754
0.9627
0.9254
0.9702
0.9698
0.9466
0.9569
0.9478
0.9654
0.9295
0.9595
0.9721
0.9608
0.9784
0.9186
0.8939
0.9340
0.9658
0.9759
0.9736
0.9562
0.9368
0.9322
0.9514
0.9558
0.9726
0.9716
0.9188
0.9383
0.9564
0.9393
0.9342
0.9596
0.9645
0.9702
0.9008
0.9307
0.9435
0.9227
0.9396
0.9292
0.9594
0.9703
0.9487
0.9706
0.9519
0.9744
0.9772
0.9466
0.9503
0.9595
0.9224
0.9160
0.9293
0.9608
0.9674
0.9242
0.9591
0.9682
0.9647
0.9109
0.9607
0.9422
0.9703
0.9766
0.9457
0.9619
0.9749
0.9772
0.9395
0.9703
0.9353
0.9710
0.9573
0.9459
0.9335
0.9405
0.9640
0.9090
0.9535
0.9492
0.9365
0.8689
0.9577
0.9355
0.9203
0.9530
0.9054
0.9548
0.9174
0.9499
0.9695
0.9448
0.9238
0.9482
0.9623
0.9403
0.9658
0.9643
0.9763
0.9706
0.9145
0.9722
0.9600
0.9450
0.9392
0.9652
0.9212
0.9398
0.9673
0.8968
0.9706
0.9705
0.9278
0.9573
0.9430
0.9554
0.9402
0.9707
0.9271
0.9701
0.9506
0.9767
0.9309
0.9331
0.9444
0.9429
0.9198
0.9404
0.9523
0.9721
0.9314
0.9306
0.9388
0.9493
0.9727
0.9727
0.9643
0.9653
0.9761
0.9581
0.9143
0.9764
0.9343
0.9319
0.9417
0.9540
0.9655
0.9695
0.9723
0.9754
0.9511
0.9317
0.9702
0.9614
0.9153
0.9435
0.9629
0.9319
0.9525
0.9689
0.9113
0.9436
0.9088
0.9374
0.9397
0.9295
0.9668
0.9393
0.9543
0.9519
0.8719
0.9512
0.9311
0.9359
0.9581
0.9693
0.9515
0.9492
0.9598
0.9604
0.9732
0.9642
0.9694
0.9582
0.9588
0.9252
0.9304
0.9030
0.9344
0.9350
0.9421
0.9733
0.9390
0.9434
0.9443
0.9545
0.9786
0.9061
0.9542
0.9715
0.9426
0.9403
0.9592
0.9161
0.9687
0.9495
0.9766
0.9669
0.9232
0.9267
0.9588
0.9755
0.9368
0.9557
0.9575
0.9508
0.9492
0.9610
0.9458
0.9278
0.9340
0.9218
0.9541
0.9628
0.9666
0.9335
0.9702
0.9524
0.9545
0.9739
0.9313
0.9678
0.9606
0.9772
0.9578
0.9518
0.9647
0.9341
0.9466
0.9513
0.9688
0.9372
0.9724
0.9389
0.9449
0.9249
0.9575
0.9505
0.9265
0.9174
0.9699
0.9522
0.9606
0.9499
0.9006
0.9735
0.9797
0.9539
0.9269
0.9474
0.9547
0.9702
0.9299
0.9513
0.9077
0.9640
0.9427
0.9511
0.9221
0.9652
0.9618
0.9639
0.9564
0.9493
0.9557
0.9393
0.9761
0.9721
0.9475
0.9684
0.9740
0.9215
0.9484
0.9691
0.9703
0.9304
0.9668
0.8893
0.9743
0.9790
0.9756
0.9734
0.9385
0.9667
0.9306
0.9480
0.9315
0.9477
0.9698
0.9372
0.9719
0.9648
0.9355
0.9725
0.9552
0.9551
0.9575
0.9719
0.9505
0.9677
0.9449
0.9421
0.9260
0.8965
0.9388
0.9740
0.9401
0.9567
0.9318
0.9601
0.9543
0.9421
0.9376
0.9164
0.9716
0.9813
0.9660
0.9501
0.9145
0.9712
0.9623
0.9719
0.9412
0.8978
0.9649
0.9309
0.9513
0.9781
0.9384
0.9314
0.9536
0.9649
0.9657
0.9734
0.9699
0.9326
0.9471
0.9672
0.9637
0.9670
0.9695
0.9084
0.9433
0.9728
0.9410
0.9692
0.9712
0.9496
0.9315
0.9648
0.9415
0.9652
0.9380
0.9184
0.9303
0.9390
0.9365
0.9179
0.9315
0.9186
0.9488
0.9134
0.8962
0.9376
0.9278
0.9634
0.9090
0.9587
0.9689
0.9407
0.9243
0.9526
0.9753
0.9058
0.9361
0.9589
0.9785
0.9711
0.9728
0.9709
0.9741
0.9667
0.9631
0.9708
0.9714
0.9416
0.9574
0.9465
0.9545
0.9447
0.9678
0.9038
0.9629
0.9401
0.9064
0.9405
0.9670
0.9700
0.9615
0.9735
0.9716
0.9738
0.9552
0.9650
0.9540
0.9383
0.9723
0.9729
0.9678
0.9377
0.9653
0.9680
