0.5026
0.5003
0.4362
0.7091
0.7237
0.4800
0.4200
0.4176
0.4724
0.4551
0.4901
0.4594
0.5100
0.5514
0.3595
0.8751
0.3737
0.3688
0.7308
0.5039
0.5860
0.6239
0.5630
0.5487
0.5112
0.4022
0.4831
0.4211
0.6611
0.4982
0.7509
0.5591
0.5201
0.6049
0.5779
0.4843
0.5076
0.5323
0.6411
0.4558
0.4437
0.5134
0.5754
0.5489
0.4281
0.6472
0.4863
0.4405
0.9282
0.3920
0.5095
0.4442
0.7557
0.4482
0.4356
0.7913
0.4133
0.4888
0.5239
0.4977
0.3542
0.4427
0.7315
0.7841
0.4218
0.3904
0.4251
0.4604
0.5178
0.6599
0.7039
0.3939
0.6197
0.6722
0.4788
0.5611
0.5334
0.5546
0.4863
0.7108
0.4455
0.4929
0.6655
0.5898
0.5772
0.4605
0.7375
0.7167
0.3602
0.4385
0.5315
0.4918
0.4391
0.5737
0.7009
0.4476
0.5076
0.6498
0.7690
0.6849
0.4907
0.4500
0.4398
0.4378
0.4400
0.7067
0.3824
0.5006
0.5154
0.8063
0.3724
0.4492
0.5289
0.7804
0.4448
0.7581
0.5080
0.6311
0.6059
0.4192
0.5413
0.3720
0.4422
0.4307
0.5616
0.4976
0.5578
0.6783
0.5247
0.6510
0.6767
0.5617
0.4857
0.4570
0.6810
0.4054
0.4959
0.7208
0.3639
0.5415
0.4087
0.5109
0.4758
0.5218
0.5015
0.3947
0.5086
0.6202
0.7877
0.6683
0.4262
0.4156
0.6101
0.5118
0.5421
0.5954
0.4915
0.5068
0.3802
0.6253
0.4518
0.5839
0.4866
0.7396
0.5960
0.4730
0.7035
0.5139
0.6102
0.5065
0.7185
0.5130
0.4575
0.5606
0.3920
0.4091
0.4455
0.3928
0.4283
0.4027
0.4608
0.8946
0.5506
0.4245
0.7193
0.5805
0.3752
0.4468
0.5829
0.4391
0.8210
0.8137
0.5009
0.4951
0.4341
0.4986
0.5461
0.4329
0.5463
0.4018
0.8518
0.8084
0.4540
0.5091
0.5090
0.4664
0.5412
0.3694
0.6031
0.5664
0.4847
0.4896
0.4933
0.5133
0.3781
0.5913
0.5471
0.6048
0.7048
0.4817
0.5105
0.4241
0.9125
0.3967
0.4612
0.5812
0.5954
0.4519
0.5132
0.8132
0.4979
0.5568
0.6627
0.7308
0.5856
0.4614
0.4602
0.4603
0.4348
0.5387
0.6474
0.5080
0.6794
0.6339
0.4645
0.5690
0.6534
0.6188
0.7273
0.5340
0.5149
0.4728
0.7304
0.7745
0.3936
0.5422
0.4938
0.6715
0.6749
0.5867
0.5008
0.6768
0.3965
1.1665
0.6353
1.2786
0.5484
0.5878
0.6636
0.4957
0.6305
0.7914
0.5385
0.5374
0.3970
0.8162
0.4958
0.4422
0.5596
0.4502
0.5319
0.6718
0.4105
0.4395
0.4322
0.4792
0.4521
0.4475
0.3693
0.4520
0.7364
0.5743
0.7010
0.7534
0.7401
0.5721
0.4382
0.7857
0.5319
0.4805
0.5217
0.8255
0.4960
0.7060
0.4571
0.4600
0.4590
0.5678
0.6306
0.3710
0.5885
0.5056
0.5297
0.5001
0.5728
0.5870
0.5095
0.5909
0.3679
0.4662
0.5248
0.6740
0.6214
0.4232
0.4059
0.7056
0.5900
0.5675
0.3648
0.6648
0.4760
0.6289
0.6378
0.3832
0.5215
0.5983
0.9788
0.6665
0.6002
0.5097
0.5488
0.6606
0.5892
0.4035
0.4360
0.5303
0.5541
0.4169
0.6212
0.4149
0.5312
0.6022
0.6498
0.4821
0.5407
0.5187
0.6372
0.4812
0.3940
0.4396
0.7126
0.5122
0.3746
1.0588
0.5515
0.5283
0.4953
0.4779
0.3880
0.3861
0.6946
0.4027
0.6575
0.4843
0.7888
0.5421
0.5581
0.5907
0.4878
0.4384
0.5866
0.5234
0.3814
0.4456
0.6389
0.5383
0.5327
0.5825
0.5277
0.4925
0.5893
0.6974
0.7479
0.4671
0.6192
0.4795
0.4995
0.6256
0.6667
0.5403
0.5307
0.5723
0.4082
0.4802
0.4367
0.6051
0.9726
0.4518
0.5265
0.5927
0.6202
1.1712
0.4907
0.4016
0.4539
0.4744
0.7453
0.5972
0.8530
0.4973
0.6563
0.4748
0.4961
0.8217
0.4570
0.4163
0.3794
0.3823
0.5343
0.5222
0.7759
0.4678
0.5375
0.7530
0.5823
0.4614
0.4767
0.3841
0.5310
0.4345
0.5689
0.6727
0.6742
0.6191
0.5282
0.6278
0.7075
0.7442
0.4625
0.8769
1.1464
0.5394
0.5428
0.3939
0.5387
0.5816
0.4609
0.7210
0.5692
0.4319
0.4925
0.8404
0.6200
0.6408
0.5075
0.4244
0.5058
0.4439
0.4142
0.4378
0.7533
0.3423
0.5290
0.6135
0.4342
0.5194
0.5200
0.4746
0.6478
0.5306
0.7182
0.5527
0.4013
0.4600
0.4317
0.5156
0.4497
0.4171
0.5015
0.4017
0.3533
0.5161
0.6387
0.5992
0.5011
0.3787
0.3746
0.4910
0.5664
0.6761
