0.6264
0.5934
0.5372
1.3727
1.0031
0.6788
0.3475
0.3870
0.5470
0.4828
0.6977
0.5003
0.6635
1.0149
0.3909
1.5388
0.3703
0.3137
1.5880
0.6498
0.8479
0.9453
1.0182
0.7460
0.8454
0.3704
0.7726
0.4693
1.1321
0.6550
1.3329
0.8676
0.7369
0.9998
0.7983
0.6729
0.7946
0.6808
1.0170
0.5787
0.6070
0.7988
1.0546
0.9627
0.4410
1.3626
0.4798
0.3914
1.8982
0.5258
0.7122
0.7086
1.3429
0.6566
0.3693
1.3808
0.5767
0.6750
0.6337
0.6726
0.3095
0.4105
1.1775
1.3819
0.5420
0.3459
0.4026
0.6000
0.6300
0.9878
1.3401
0.3751
0.7861
1.1425
0.6632
0.6208
0.8770
0.7144
0.7761
1.0626
0.5281
0.7760
0.9713
1.3593
0.9065
0.5938
1.4285
1.5985
0.2953
0.5235
0.6679
0.5949
0.3932
0.8368
1.2425
0.4925
0.6859
0.9710
1.5193
1.0646
0.4882
0.5656
0.5231
0.6046
0.3754
1.3005
0.3203
0.5976
0.6630
1.7707
0.3043
0.4940
0.5599
1.3398
0.4107
1.7221
0.5787
0.8464
0.9171
0.5481
0.6349
0.3724
0.4667
0.5675
0.7559
0.5660
0.8815
1.3059
0.8309
0.9020
1.0298
0.9421
0.6337
0.4283
1.0280
0.4235
0.9065
1.2623
0.3416
0.6531
0.4053
0.6116
0.6275
0.6426
0.7059
0.3861
0.5137
1.0775
1.4673
1.3172
0.5163
0.3555
0.7917
0.5634
0.9015
1.2454
0.5120
0.6269
0.3419
0.8931
0.5235
1.4459
0.5343
1.2477
1.0800
0.6807
1.6132
0.8550
0.8753
0.5199
1.0930
0.5613
0.5999
1.3588
0.3607
0.5066
0.4937
0.4533
0.3855
0.4084
0.5221
1.7765
0.8737
0.5201
1.2492
0.8504
0.4001
0.3991
0.9911
0.4333
3.5607
1.6256
0.5473
0.5234
0.4211
0.6855
0.7099
0.5311
1.5266
0.4726
1.9131
1.4105
0.4460
0.5477
0.5732
0.5709
0.8829
0.3506
0.7391
0.9262
0.5223
0.7133
0.7176
0.8836
0.4287
0.8373
0.7596
0.9277
1.3035
0.5908
0.5422
0.4351
2.2529
0.3934
0.5147
0.9510
1.2838
0.5134
0.7661
2.0676
0.6188
0.8266
1.0192
1.5663
0.8371
0.4154
0.6227
0.6121
0.3701
0.8198
1.1482
0.6540
0.9643
0.8521
0.5182
0.6825
1.0926
1.0503
1.1680
0.7749
0.7030
0.4891
1.2010
1.7688
0.3164
0.6086
0.7983
1.1104
0.9685
1.1556
0.8279
1.2997
0.3889
2.9124
0.9389
3.1618
0.8637
0.9371
1.1191
0.7047
1.2801
1.6164
0.6871
0.6156
0.3802
1.9091
0.5065
0.5365
0.9694
0.4650
0.9008
1.0391
0.5522
0.4855
0.4680
0.5851
0.4124
0.4194
0.3877
0.5361
1.2671
0.6473
1.1024
1.1453
1.3210
0.8245
0.4159
1.8316
0.6028
0.4676
0.9577
1.6731
0.7403
1.0690
0.4893
0.5648
0.4894
0.7860
0.8417
0.3240
0.9979
0.7071
0.7162
0.5735
0.6992
0.7191
0.6359
0.7441
0.3276
0.4756
0.7826
1.2484
1.0048
0.3484
0.4910
1.1932
0.7442
0.8950
0.2791
1.0245
0.7134
0.7838
1.0575
0.3546
0.6959
0.9892
2.9469
1.3504
1.0223
1.0030
0.6111
0.9197
0.7704
0.4293
0.4338
0.6894
0.5872
0.4212
0.9724
0.4837
0.8286
0.9340
0.9264
0.6645
0.7798
0.7682
1.1274
0.7316
0.4057
0.4121
1.1911
0.6462
0.4478
3.2112
0.6688
0.5943
0.6180
0.5270
0.3697
0.3918
1.1182
0.5299
1.3242
0.5191
1.2505
0.6628
0.7743
0.9971
0.6615
0.5284
0.9691
0.7725
0.4170
0.5483
0.8572
0.7478
0.5626
0.9945
0.5769
0.5940
1.1555
1.2276
1.5982
0.6582
0.9794
0.8089
0.5023
1.0543
1.5208
0.6684
0.5954
0.7014
0.4125
0.5725
0.4995
1.0858
2.2032
0.5803
0.9315
1.0893
0.9641
4.2770
0.7470
0.3491
0.5947
0.6250
1.2156
0.8869
1.6451
0.8310
1.3533
0.6665
0.6189
1.6962
0.6180
0.4725
0.3906
0.4168
0.6682
0.6117
1.2316
0.6633
0.5952
1.7323
1.0039
0.6506
0.5306
0.4347
0.7784
0.4997
0.6883
0.9519
1.1591
0.9051
0.5955
1.0026
1.1519
1.7070
0.4884
1.7316
2.3503
0.6938
0.7041
0.4051
0.6834
0.7839
0.6597
1.4971
0.6511
0.4073
0.5581
1.5097
0.8453
0.9500
0.6908
0.4495
0.6335
0.5320
0.4867
0.4906
1.2715
0.3143
0.6393
0.8646
0.4485
0.8312
0.9757
0.6086
1.0481
0.5666
1.3350
1.0846
0.3089
0.5559
0.5048
0.9746
0.6633
0.4399
0.5558
0.4011
0.2759
0.6610
1.2315
0.7962
0.6579
0.3509
0.3673
0.6613
1.1630
1.0691
