0.7915
0.7703
0.7329
1.1716
1.0015
0.8239
0.5895
0.6221
0.7396
0.6948
0.8353
0.7073
0.8145
1.0074
0.6253
1.2405
0.6085
0.5601
1.2602
0.8061
0.9208
0.9722
1.0091
0.8637
0.9195
0.6086
0.8790
0.6850
1.0640
0.8093
1.1545
0.9314
0.8584
0.9999
0.8935
0.8203
0.8914
0.8251
1.0085
0.7607
0.7791
0.8938
1.0269
0.9812
0.6641
1.1673
0.6927
0.6257
1.3777
0.7251
0.8439
0.8418
1.1588
0.8103
0.6077
1.1751
0.7594
0.8216
0.7960
0.8201
0.5563
0.6407
1.0851
1.1756
0.7362
0.5882
0.6345
0.7746
0.7937
0.9939
1.1576
0.6125
0.8866
1.0689
0.8143
0.7879
0.9365
0.8452
0.8810
1.0308
0.7267
0.8809
0.9855
1.1659
0.9521
0.7706
1.1952
1.2643
0.5434
0.7235
0.8173
0.7713
0.6271
0.9148
1.1147
0.7018
0.8282
0.9854
1.2326
1.0318
0.6987
0.7521
0.7233
0.7776
0.6127
1.1404
0.5660
0.7730
0.8143
1.3307
0.5516
0.7028
0.7482
1.1575
0.6409
1.3123
0.7607
0.9200
0.9576
0.7403
0.7968
0.6102
0.6831
0.7533
0.8694
0.7523
0.9389
1.1427
0.9116
0.9498
1.0148
0.9706
0.7960
0.6545
1.0139
0.6508
0.9521
1.1235
0.5844
0.8081
0.6366
0.7821
0.7922
0.8016
0.8402
0.6214
0.7167
1.0380
1.2113
1.1477
0.7186
0.5963
0.8898
0.7506
0.9495
1.1160
0.7155
0.7918
0.5847
0.9451
0.7235
1.2025
0.7310
1.1170
1.0393
0.8251
1.2701
0.9247
0.9356
0.7211
1.0455
0.7492
0.7745
1.1657
0.6006
0.7118
0.7027
0.6733
0.6209
0.6390
0.7226
1.3329
0.9347
0.7212
1.1177
0.9222
0.6325
0.6318
0.9955
0.6583
1.8870
1.2750
0.7398
0.7235
0.6489
0.8279
0.8426
0.7288
1.2356
0.6875
1.3831
1.1876
0.6679
0.7401
0.7571
0.7555
0.9396
0.5921
0.8597
0.9624
0.7227
0.8446
0.8471
0.9400
0.6547
0.9150
0.8715
0.9632
1.1417
0.7687
0.7363
0.6596
1.5010
0.6272
0.7174
0.9752
1.1331
0.7165
0.8753
1.4379
0.7867
0.9092
1.0096
1.2515
0.9149
0.6445
0.7891
0.7824
0.6084
0.9054
1.0715
0.8087
0.9820
0.9231
0.7198
0.8261
1.0453
1.0248
1.0807
0.8803
0.8385
0.6994
1.0959
1.3300
0.5625
0.7801
0.8935
1.0537
0.9841
1.0750
0.9099
1.1401
0.6236
1.7066
0.9690
1.7781
0.9294
0.9680
1.0579
0.8394
1.1314
1.2714
0.8289
0.7846
0.6166
1.3817
0.7117
0.7325
0.9846
0.6819
0.9491
1.0193
0.7431
0.6968
0.6841
0.7649
0.6422
0.6476
0.6227
0.7322
1.1257
0.8045
1.0500
1.0702
1.1493
0.9080
0.6449
1.3534
0.7764
0.6838
0.9786
1.2935
0.8604
1.0339
0.6995
0.7515
0.6996
0.8866
0.9174
0.5692
0.9990
0.8409
0.8463
0.7573
0.8362
0.8480
0.7974
0.8626
0.5724
0.6896
0.8846
1.1173
1.0024
0.5902
0.7007
1.0923
0.8627
0.9461
0.5283
1.0122
0.8446
0.8853
1.0283
0.5955
0.8342
0.9946
1.7166
1.1621
1.0111
1.0015
0.7818
0.9590
0.8777
0.6552
0.6586
0.8303
0.7663
0.6490
0.9861
0.6955
0.9103
0.9664
0.9625
0.8151
0.8831
0.8765
1.0618
0.8554
0.6369
0.6420
1.0914
0.8039
0.6692
1.7920
0.8178
0.7709
0.7861
0.7259
0.6080
0.6259
1.0574
0.7280
1.1507
0.7205
1.1183
0.8141
0.8799
0.9985
0.8133
0.7269
0.9844
0.8789
0.6458
0.7404
0.9259
0.8648
0.7501
0.9973
0.7595
0.7707
1.0750
1.1080
1.2642
0.8113
0.9897
0.8994
0.7087
1.0268
1.2332
0.8176
0.7716
0.8375
0.6422
0.7566
0.7068
1.0420
1.4843
0.7618
0.9651
1.0437
0.9819
2.0681
0.8643
0.5908
0.7712
0.7905
1.1025
0.9418
1.2826
0.9116
1.1633
0.8164
0.7867
1.3024
0.7861
0.6874
0.6250
0.6456
0.8174
0.7821
1.1098
0.8144
0.7715
1.3162
1.0020
0.8066
0.7284
0.6593
0.8823
0.7069
0.8296
0.9757
1.0766
0.9514
0.7717
1.0013
1.0733
1.3065
0.6989
1.3159
1.5331
0.8330
0.8391
0.6365
0.8267
0.8854
0.8122
1.2236
0.8069
0.6382
0.7470
1.2287
0.9194
0.9747
0.8312
0.6705
0.7959
0.7294
0.6977
0.7004
1.1276
0.5606
0.7996
0.9298
0.6697
0.9117
0.9878
0.7801
1.0237
0.7527
1.1554
1.0414
0.5558
0.7456
0.7105
0.9872
0.8144
0.6632
0.7455
0.6333
0.5253
0.8130
1.1097
0.8923
0.8111
0.5924
0.6060
0.8132
1.0784
1.0340
