34.2315
32.7985
33.1036
33.9924
33.5011
33.1121
32.0853
33.3167
33.2580
33.4895
33.7352
33.2026
32.3525
32.2520
32.8343
34.0147
32.1546
33.2185
33.3409
33.2476
32.5097
33.1700
34.2807
30.1468
34.5711
33.3399
32.9537
33.6385
34.4225
33.3267
34.7685
33.0347
34.0172
33.3650
32.3528
33.2980
34.1459
33.9000
34.2591
33.1227
33.7140
33.6549
33.4726
33.2962
33.6657
34.0592
35.0480
32.2821
33.6036
32.6775
32.9555
33.6816
33.5732
34.4377
32.9651
33.8453
33.3232
33.0799
32.2603
33.9916
34.5160
33.3339
33.8497
33.6352
33.9491
34.4151
33.6190
34.1334
31.8074
34.1695
33.2909
33.4025
33.2976
32.9319
33.5140
33.3158
33.2960
33.1035
31.8928
33.2141
32.9979
34.2253
32.6567
33.1947
32.3603
33.2964
34.3351
34.1110
32.8079
33.7667
32.9141
32.8291
33.5628
33.4296
32.0452
32.7150
33.2769
33.8277
32.8765
33.6261
33.9954
33.7559
34.3871
32.7964
33.0246
32.7197
31.7564
33.2906
34.4226
32.8771
32.9475
33.9905
33.0910
32.5146
33.6462
32.7490
33.7715
34.2461
32.6318
33.3871
31.3124
33.1594
33.4844
34.1857
33.1878
34.2545
33.4723
32.9530
33.2682
32.6569
32.9669
33.3515
33.8337
32.9831
33.7954
33.7561
33.4575
32.8917
31.0140
34.2084
34.6874
33.4638
32.6404
34.1198
32.3562
33.1709
32.1258
33.7037
33.5236
33.5002
33.8608
32.6057
34.1689
33.2589
33.1286
33.2914
33.0696
34.3759
34.3159
33.6451
33.2143
34.1831
33.1681
33.9817
34.5782
33.5324
33.2464
33.6852
34.6095
33.7909
34.4945
33.7178
33.4624
32.7070
33.2276
34.7550
33.3051
33.8890
34.2148
34.5849
34.4770
34.6399
34.4517
33.3391
32.4907
34.0276
33.2661
34.4463
31.3902
32.6458
33.0170
34.0386
33.7097
33.4530
34.2089
32.0297
33.0881
33.3265
34.4978
33.1152
32.8755
33.6384
34.2094
31.1462
34.0208
33.7065
34.7392
33.1755
33.7556
33.5131
33.7360
33.0427
33.1341
33.6515
33.6849
32.8504
33.8818
33.2616
33.1374
33.1510
33.0460
33.2987
33.4494
34.3539
33.9233
34.3315
33.7017
32.3519
33.9745
32.8100
33.4617
34.3138
33.7756
34.2772
33.1723
34.4925
33.5883
30.7069
32.3239
34.1564
34.0361
32.6330
32.9630
33.0530
32.5858
34.0253
33.3255
31.8816
35.0641
32.9911
34.1101
33.4566
33.7992
33.3734
33.5853
32.1272
33.9589
33.5736
33.9479
31.7542
34.7835
33.2575
33.9244
32.9575
32.8960
33.1778
33.2743
33.5190
34.2819
32.9891
34.0438
33.0183
33.4916
33.1303
33.8905
32.7902
33.5695
33.7452
32.7515
33.5209
33.7296
34.0049
33.0589
34.1215
34.0241
34.5678
31.6573
33.3617
34.4826
34.3784
33.3575
33.1479
33.6115
33.7048
33.6888
32.1317
34.7399
33.8893
33.5427
31.8389
34.2362
32.8364
34.1455
33.2290
32.8570
33.1401
33.7738
33.3907
34.1614
33.2286
33.2008
33.7230
33.1974
33.8006
33.8373
33.7227
34.3790
33.2024
33.8118
34.1735
32.9745
34.1235
33.3603
33.1706
34.1163
32.5381
33.7884
33.9639
33.1057
33.1490
34.4451
33.4723
33.7944
33.6623
33.3376
32.6184
32.8393
32.3014
34.4852
33.1974
32.9690
32.8727
31.7477
35.1743
33.9610
33.3950
33.3576
33.6559
32.9116
33.3187
34.6743
33.2674
33.5781
32.6462
34.4745
34.0134
33.8671
33.0008
33.1704
31.9455
33.1380
33.5651
33.0709
33.3913
33.6675
33.9544
32.9859
32.6755
32.8877
33.0657
33.8094
32.2379
33.1777
33.5051
33.8461
32.9137
33.2384
33.3506
33.6320
33.2695
34.1205
32.2357
34.5825
32.7905
33.6743
33.6197
33.9355
33.9832
33.5960
34.7605
34.2212
34.6509
33.7483
33.1480
32.7730
34.4087
34.6658
32.4877
32.4445
33.2306
32.8648
34.0920
33.1404
34.3916
34.1288
34.2134
34.5306
32.4544
32.9256
33.8314
32.9529
32.6577
34.6717
33.0281
33.1671
33.8633
33.6065
32.8119
32.9143
34.6454
32.8084
32.3066
34.0144
33.2875
34.0810
34.1791
33.1052
31.9904
34.1873
31.3564
34.0972
32.8816
34.1025
33.9621
34.0436
32.6248
33.8884
33.2104
33.3127
34.2555
33.0615
32.9839
34.4898
33.3819
33.4335
33.7313
35.3262
33.2518
33.8843
32.8013
33.0988
34.1084
33.2977
32.4487
35.2000
33.0880
33.1528
34.4916
34.1906
32.3147
32.5675
32.3278
32.6579
33.2000
34.1775
33.3148
34.2214
32.8937
33.4808
33.4382
33.8780
33.3953
30.6590
33.8117
33.6136
33.5054
33.4494
33.0798
33.1158
32.6529
33.8396
33.8972
33.2338
31.9603
33.1585
34.6400
34.0869
34.1512
32.4981
32.3701
33.2927
30.5862
33.7084
34.1405
32.6850
33.6528
31.7793
34.2791
33.3946
33.0266
