1195.7841
1086.2451
1105.1757
1183.6439
1142.1024
1105.2540
1059.4347
1126.4233
1122.0796
1137.6129
1155.5902
1130.5593
1058.4784
1052.5685
1104.5638
1174.8203
1039.4156
1126.4287
1129.5980
1116.9266
1071.7045
1125.1527
1199.1792
915.1235
1222.3973
1125.9171
1094.5078
1147.6227
1209.4509
1119.5616
1235.4431
1112.1655
1173.1338
1124.1323
1055.8911
1119.5793
1187.9474
1164.0045
1197.6343
1111.6740
1163.5997
1148.6005
1130.4475
1148.6982
1165.9790
1184.9202
1275.1614
1048.2305
1150.9564
1088.4584
1102.3903
1148.4246
1146.9554
1203.1440
1109.2396
1163.7063
1139.3696
1103.2937
1048.2822
1172.6171
1227.4847
1138.7715
1160.9935
1150.4419
1167.4872
1202.1357
1160.1578
1197.0060
1022.3082
1191.4258
1130.8113
1126.8121
1117.8510
1092.4253
1135.4172
1127.9563
1121.4537
1110.4177
1023.4052
1115.9696
1115.8961
1198.2167
1074.5571
1125.0791
1058.2323
1118.8698
1203.4852
1196.3027
1085.6697
1171.6689
1094.1614
1103.7710
1136.5547
1133.6095
1032.1609
1078.2999
1117.2966
1171.8191
1109.9265
1143.0831
1191.2592
1166.7881
1209.6943
1088.1033
1098.7327
1079.2489
1025.1798
1117.8879
1203.0730
1088.5764
1094.5439
1191.2295
1102.8629
1067.3086
1152.5013
1082.7437
1172.8135
1201.4351
1071.3733
1135.9363
991.3788
1108.2170
1134.9929
1183.6808
1114.4073
1194.0474
1135.6323
1094.2770
1118.8480
1077.3138
1095.2987
1146.0574
1161.9595
1097.7858
1162.5061
1158.0023
1130.3839
1098.5828
981.5095
1182.4806
1252.4310
1133.4359
1073.4736
1197.0936
1056.9077
1115.6731
1053.7812
1155.1871
1138.7734
1147.9916
1164.5741
1074.7164
1193.3350
1119.7325
1110.2972
1117.5771
1102.7050
1199.1296
1219.5037
1166.5825
1118.1969
1197.7720
1119.2133
1185.3932
1211.2333
1146.5421
1114.2682
1155.6512
1230.1793
1166.3480
1224.7533
1168.5741
1146.6084
1083.7432
1114.9325
1249.4818
1124.0511
1178.8444
1199.1589
1218.7441
1206.8387
1217.5243
1211.2753
1128.4332
1065.0109
1178.9044
1119.7855
1207.7804
1000.2273
1084.3171
1113.2858
1193.5519
1152.9760
1145.7391
1199.1467
1032.5193
1108.2412
1131.3169
1219.9312
1104.6880
1090.6992
1163.1116
1192.7109
976.2048
1180.7534
1154.8630
1238.5974
1114.5178
1161.5116
1154.3278
1166.4674
1116.2522
1109.9980
1157.9999
1147.1055
1093.0321
1170.5226
1118.2733
1119.3981
1108.4663
1103.3839
1122.5250
1138.5109
1220.7640
1185.6876
1209.8885
1162.0531
1065.8700
1166.5718
1090.0271
1133.8541
1199.1335
1165.4304
1200.5662
1109.2273
1219.9816
1147.3660
951.6439
1052.1351
1183.3191
1179.5818
1081.3147
1121.4170
1109.1010
1076.1744
1188.8522
1130.7096
1036.4948
1269.5201
1097.0924
1181.8848
1129.8348
1184.1071
1125.0730
1146.4377
1054.9196
1170.0360
1144.4750
1163.5284
1024.9536
1234.6305
1130.5848
1178.3146
1093.8729
1114.2534
1113.3049
1129.7169
1136.0779
1199.7847
1096.2875
1191.8501
1106.2638
1142.3616
1107.5853
1171.8083
1090.0703
1139.2429
1154.6857
1082.2607
1157.4453
1157.0432
1173.5925
1108.2214
1196.5894
1180.2308
1218.0640
1018.0427
1138.8250
1227.5054
1213.4401
1124.6040
1110.0811
1156.3248
1155.2867
1158.3351
1048.7001
1243.8313
1188.4014
1152.2046
1022.3802
1185.6301
1086.2405
1204.1455
1131.7073
1087.7784
1109.1001
1156.4841
1125.8063
1180.2939
1133.5691
1117.4177
1159.2302
1116.8896
1162.2610
1160.4004
1172.7241
1217.3942
1112.4114
1158.0447
1187.0101
1096.5352
1183.0815
1134.7495
1116.6875
1177.9885
1067.9185
1162.3070
1194.9437
1106.0643
1109.4761
1208.4974
1129.7820
1155.0382
1168.9055
1120.9647
1097.7080
1090.3202
1058.6346
1232.0100
1116.6807
1100.7839
1089.5906
1028.8276
1272.4360
1170.0698
1135.7291
1123.1451
1152.2058
1098.7960
1131.7646
1234.4159
1132.4261
1139.6533
1080.4653
1213.7771
1178.1483
1176.2976
1107.0502
1132.6870
1028.9500
1107.4229
1141.6140
1104.5551
1132.8625
1188.4780
1181.1655
1095.5269
1074.8682
1112.5625
1113.2460
1177.0481
1048.8298
1125.8329
1144.2487
1179.5533
1110.1093
1121.1836
1133.7811
1144.3156
1118.6912
1184.9740
1050.1716
1221.6060
1089.5968
1153.2692
1153.6871
1182.9502
1166.7849
1139.8054
1249.5178
1201.4082
1222.8353
1159.9425
1117.2377
1085.8008
1203.2086
1238.1058
1063.0203
1061.7769
1122.2195
1099.5520
1207.0692
1125.5349
1225.5520
1190.8940
1209.7211
1223.0013
1068.4132
1091.8627
1166.5732
1093.3920
1077.7261
1220.9036
1102.5868
1110.0153
1159.4435
1154.1393
1085.7466
1098.2517
1223.1858
1085.5691
1050.3693
1183.0724
1124.0820
1187.3632
1194.1029
1110.2546
1055.2437
1190.6221
996.2149
1184.0023
1092.2965
1187.6992
1168.6871
1180.9806
1072.2283
1183.4658
1115.1078
1122.6267
1191.5402
1103.6658
1095.3257
1212.4407
1133.7180
1138.2932
1158.3373
1299.5365
1129.1287
1186.3297
1087.4902
1105.2223
1187.2457
1120.5292
1063.0492
1266.5397
1108.2480
1113.0978
1220.6854
1190.7302
1055.1833
1074.0663
1061.9501
1073.3608
1117.7904
1190.1672
1128.4321
1189.3080
1094.0316
1135.0641
1129.3622
1164.7568
1134.7216
949.8881
1156.0547
1150.9181
1144.6709
1154.2208
1106.1920
1121.9937
1078.9404
1161.5853
1167.1377
1118.0380
1032.8402
1116.7036
1251.6786
1177.5359
1193.4106
1092.4879
1072.2384
1117.5878
945.1492
1158.3807
1183.5608
1086.2727
1149.8092
1023.9371
1193.1415
1128.6406
1111.4529
