34.5801
32.9582
33.2442
34.4041
33.7950
33.2454
32.5490
33.5622
33.4975
33.7285
33.9940
33.6238
32.5343
32.4433
33.2350
34.2757
32.2400
33.5623
33.6095
33.4205
32.7369
33.5433
34.6292
30.2510
34.9628
33.5547
33.0833
33.8766
34.7772
33.4599
35.1489
33.3491
34.2510
33.5281
32.4945
33.4601
34.4666
34.1175
34.6069
33.3418
34.1116
33.8910
33.6221
33.8925
34.1464
34.4227
35.7094
32.3764
33.9257
32.9918
33.2023
33.8884
33.8667
34.6864
33.3052
34.1131
33.7546
33.2159
32.3772
34.2435
35.0355
33.7457
34.0734
33.9182
34.1685
34.6718
34.0611
34.5978
31.9736
34.5170
33.6275
33.5680
33.4343
33.0519
33.6960
33.5851
33.4881
33.3229
31.9907
33.4061
33.4050
34.6153
32.7804
33.5422
32.5305
33.4495
34.6913
34.5876
32.9495
34.2296
33.0781
33.2230
33.7128
33.6691
32.1273
32.8375
33.4260
34.2318
33.3156
33.8095
34.5146
34.1583
34.7807
32.9864
33.1471
32.8519
32.0184
33.4348
34.6853
32.9936
33.0839
34.5142
33.2094
32.6697
33.9485
32.9051
34.2464
34.6617
32.7318
33.7037
31.4862
33.2899
33.6897
34.4047
33.3827
34.5550
33.6991
33.0799
33.4492
32.8225
33.0953
33.8535
34.0875
33.1329
34.0955
34.0294
33.6212
33.1449
31.3291
34.3872
35.3897
33.6665
32.7639
34.5990
32.5101
33.4017
32.4620
33.9880
33.7457
33.8820
34.1259
32.7829
34.5447
33.4624
33.3211
33.4302
33.2070
34.6285
34.9214
34.1553
33.4395
34.6088
33.4546
34.4295
34.8028
33.8606
33.3807
33.9949
35.0739
34.1518
34.9965
34.1844
33.8616
32.9203
33.3906
35.3480
33.5269
34.3343
34.6289
34.9105
34.7396
34.8930
34.8034
33.5922
32.6345
34.3352
33.4632
34.7531
31.6264
32.9290
33.3659
34.5478
33.9555
33.8488
34.6287
32.1328
33.2903
33.6351
34.9275
33.2368
33.0257
34.1044
34.5356
31.2443
34.3621
33.9833
35.1937
33.3844
34.0810
33.9754
34.1536
33.4104
33.3166
34.0294
33.8689
33.0610
34.2129
33.4406
33.4574
33.2936
33.2172
33.5041
33.7418
34.9394
34.4338
34.7835
34.0889
32.6477
34.1551
33.0156
33.6728
34.6285
34.1384
34.6492
33.3051
34.9282
33.8728
30.8487
32.4366
34.3994
34.3450
32.8834
33.4876
33.3032
32.8051
34.4797
33.6260
32.1946
35.6303
33.1224
34.3786
33.6130
34.4109
33.5421
33.8591
32.4795
34.2058
33.8301
34.1105
32.0149
35.1373
33.6242
34.3266
33.0737
33.3804
33.3662
33.6113
33.7058
34.6379
33.1102
34.5232
33.2605
33.7988
33.2804
34.2317
33.0162
33.7527
33.9807
32.8977
34.0212
34.0153
34.2577
33.2900
34.5918
34.3545
34.9008
31.9068
33.7465
35.0358
34.8345
33.5351
33.3179
34.0048
33.9895
34.0343
32.3836
35.2680
34.4732
33.9441
31.9747
34.4330
32.9582
34.7008
33.6409
32.9815
33.3032
34.0071
33.5530
34.3554
33.6685
33.4278
34.0475
33.4199
34.0919
34.0647
34.2451
34.8912
33.3528
34.0301
34.4530
33.1140
34.3960
33.6860
33.4169
34.3218
32.6790
34.0926
34.5680
33.2575
33.3088
34.7635
33.6122
33.9859
34.1893
33.4808
33.1317
33.0200
32.5367
35.1000
33.4168
33.1781
33.0089
32.0753
35.6712
34.2063
33.7006
33.5134
33.9442
33.1481
33.6417
35.1343
33.6515
33.7588
32.8704
34.8393
34.3242
34.2972
33.2724
33.6554
32.0773
33.2780
33.7878
33.2348
33.6580
34.4743
34.3681
33.0987
32.7852
33.3551
33.3653
34.3081
32.3856
33.5534
33.8267
34.3446
33.3183
33.4841
33.6717
33.8277
33.4468
34.4235
32.4064
34.9515
33.0090
33.9598
33.9660
34.3940
34.1582
33.7610
35.3485
34.6613
34.9691
34.0579
33.4251
32.9515
34.6873
35.1867
32.6040
32.5849
33.4995
33.1595
34.7429
33.5490
35.0079
34.5093
34.7810
34.9714
32.6866
33.0433
34.1551
33.0665
32.8287
34.9414
33.2052
33.3169
34.0506
33.9726
32.9507
33.1399
34.9741
32.9480
32.4094
34.3958
33.5273
34.4581
34.5558
33.3205
32.4845
34.5054
31.5629
34.4093
33.0499
34.4630
34.1861
34.3654
32.7449
34.4015
33.3932
33.5056
34.5187
33.2215
33.0957
34.8201
33.6707
33.7386
34.0344
36.0491
33.6025
34.4431
32.9771
33.2449
34.4564
33.4743
32.6044
35.5885
33.2904
33.3631
34.9383
34.5070
32.4836
32.7729
32.5876
32.7622
33.4334
34.4988
33.5921
34.4863
33.0761
33.6907
33.6060
34.1285
33.6856
30.8203
34.0008
33.9252
33.8330
33.9738
33.2595
33.4962
32.8472
34.0820
34.1634
33.4371
32.1378
33.4171
35.3791
34.3152
34.5458
33.0528
32.7451
33.4303
30.7433
34.0350
34.4029
32.9587
33.9088
31.9990
34.5419
33.5952
33.3385
