0.9510
0.9470
0.9346
0.9642
0.8986
0.8827
0.8669
0.9348
0.9036
0.8782
0.9348
0.8318
0.9606
0.9541
0.9594
0.9459
0.9506
0.9209
0.9557
0.9362
0.9591
0.9301
0.9372
0.8923
0.9707
0.8002
0.8999
0.9530
0.8617
0.8982
0.9260
0.9504
0.9246
0.8942
0.9259
0.9518
0.9481
0.9673
0.8702
0.8738
0.9671
0.8843
0.9536
0.9050
0.8865
0.9530
0.9120
0.8994
0.8930
0.9608
0.9740
0.8740
0.9004
0.9688
0.7673
0.8654
0.9366
0.9327
0.9337
0.9194
0.9569
0.8777
0.9433
0.9149
0.9375
0.9399
0.9393
0.8564
0.8525
0.9032
0.9369
0.9323
0.9159
0.9706
0.9481
0.8983
0.8814
0.8227
0.9295
0.9179
0.9620
0.9574
0.9207
0.9382
0.9483
0.9030
0.8798
0.9096
0.9371
0.8962
0.9073
0.8681
0.7680
0.9202
0.9545
0.9581
0.8873
0.9434
0.9296
0.8648
0.8788
0.9613
0.9216
0.9584
0.8478
0.8668
0.9452
0.9338
0.9294
0.9303
0.9672
0.9618
0.8417
0.9194
0.8689
0.8814
0.8691
0.9091
0.9187
0.9679
0.7109
0.8897
0.9525
0.9211
0.9457
0.9475
0.9597
0.8852
0.9491
0.9406
0.9111
0.9173
0.9551
0.8791
0.9196
0.9754
0.9511
0.8683
0.9653
0.9042
0.9129
0.9482
0.9584
0.9260
0.9573
0.9405
0.8685
0.9198
0.9662
0.9440
0.8631
0.8327
0.9531
0.8960
0.9449
0.8725
0.9541
0.9230
0.9347
0.8472
0.9476
0.9003
0.8080
0.8527
0.9491
0.9526
0.9110
0.9256
0.9090
0.8929
0.9063
0.9122
0.9474
0.8662
0.8977
0.9746
0.9197
0.9572
0.8547
0.9580
0.9234
0.9248
0.9611
0.9420
0.9016
0.9390
0.8990
0.8375
0.9248
0.9036
0.9453
0.9372
0.8312
0.8483
0.8297
0.8998
0.8930
0.9550
0.9126
0.9684
0.8872
0.9217
0.7707
0.9308
0.8721
0.9553
0.9210
0.9543
0.9359
0.8999
0.9070
0.9354
0.8534
0.9282
0.9614
0.9259
0.9299
0.9329
0.8853
0.8378
0.9322
0.9420
0.9214
0.9399
0.8156
0.8711
0.9335
0.9269
0.9579
0.9298
0.9747
0.9262
0.9240
0.9449
0.9163
0.8711
0.9575
0.9384
0.8343
0.9421
0.8687
0.9118
0.9099
0.8965
0.9583
0.8887
0.9070
0.9524
0.9326
0.9036
0.8988
0.9183
0.9435
0.9140
0.8000
0.9110
0.9285
0.9140
0.8463
0.9592
0.9322
0.9339
0.8802
0.9197
0.9295
0.9524
0.8949
0.9095
0.9026
0.9494
0.8822
0.8490
0.9331
0.9153
0.8949
0.9195
0.9336
0.8853
0.8841
0.8526
0.9350
0.9247
0.9171
0.9618
0.9326
0.9574
0.8357
0.8731
0.9396
0.9193
0.9356
0.8821
0.8962
0.8798
0.8976
0.9283
0.8922
0.8614
0.9192
0.9217
0.9152
0.9534
0.9270
0.9151
0.8477
0.9474
0.9264
0.9279
0.8931
0.9271
0.8967
0.8588
0.8875
0.8911
0.9036
0.9149
0.8162
0.9149
0.9471
0.9258
0.8878
0.8750
0.9246
0.8078
0.9099
0.9578
0.9426
0.9684
0.9635
0.8961
0.9599
0.8875
0.9501
0.9219
0.8505
0.9210
0.9298
0.9159
0.9252
0.9171
0.9093
0.9070
0.8764
0.9260
0.8387
0.9049
0.8685
0.9594
0.9285
0.9101
0.9349
0.9315
0.9089
0.9229
0.8740
0.8687
0.9508
0.9081
0.9178
0.8507
0.9139
0.9213
0.9503
0.8342
0.9228
0.8357
0.9346
0.9050
0.9148
0.9560
0.9022
0.9467
0.8989
0.8957
0.9205
0.9326
0.8589
0.8793
0.9110
0.9122
0.9488
0.9223
0.9552
0.9320
0.8555
0.9054
0.9266
0.9192
0.8947
0.9538
0.9306
0.9220
0.9163
0.9253
0.9359
0.9565
0.9173
0.9068
0.9153
0.8932
0.9496
0.8935
0.9300
0.9462
0.9448
0.8875
0.8990
0.8955
0.9278
0.9065
0.8946
0.9212
0.9022
0.0378
0.8483
0.8977
0.9337
0.9363
0.9353
0.9450
0.9352
0.9202
0.9744
0.8485
0.9539
0.9458
0.9117
0.9499
0.9535
0.8814
0.9023
0.9275
0.8592
0.9431
0.9271
0.9325
0.8907
0.9311
0.9643
0.9491
0.9113
0.9405
0.8498
0.9426
0.9514
0.8796
0.8874
0.8175
0.9632
0.8891
0.8861
0.9017
0.8304
0.9372
0.8707
0.9398
0.9033
0.8743
0.9114
0.9730
0.8716
0.9304
0.9267
0.9662
0.9038
0.9276
0.8837
0.9514
0.9227
0.8931
0.9375
0.9635
0.8929
0.9378
0.8302
0.9520
0.9576
0.9178
0.8765
0.9073
0.8782
0.9442
0.7712
0.9689
0.8577
0.9385
0.9778
0.8605
0.8720
0.9352
0.9099
0.9528
0.9321
0.9114
0.8398
0.9400
0.9146
0.9018
0.9386
0.9157
