0.9066
0.8993
0.8773
0.9308
0.8158
0.7900
0.7651
0.8775
0.8242
0.7828
0.8776
0.7120
0.9241
0.9122
0.9220
0.8973
0.9058
0.8534
0.9152
0.8801
0.9215
0.8693
0.8817
0.8056
0.9431
0.6670
0.8180
0.9103
0.7570
0.8153
0.8622
0.9055
0.8598
0.8086
0.8620
0.9080
0.9013
0.9367
0.7702
0.7759
0.9364
0.7926
0.9112
0.8264
0.7961
0.9102
0.8383
0.8172
0.8067
0.9245
0.9494
0.7762
0.8189
0.9396
0.6224
0.7627
0.8807
0.8738
0.8756
0.8508
0.9173
0.7821
0.8926
0.8432
0.8823
0.8867
0.8855
0.7489
0.7429
0.8235
0.8814
0.8732
0.8448
0.9428
0.9014
0.8154
0.7880
0.6988
0.8682
0.8482
0.9268
0.9183
0.8531
0.8835
0.9016
0.8231
0.7854
0.8343
0.8816
0.8119
0.8303
0.7670
0.6234
0.8522
0.9130
0.9196
0.7974
0.8928
0.8684
0.7618
0.7837
0.9256
0.8545
0.9201
0.7359
0.7649
0.8960
0.8758
0.8681
0.8698
0.9366
0.9264
0.7267
0.8508
0.7682
0.7880
0.7684
0.8333
0.8496
0.9379
0.5515
0.8013
0.9094
0.8537
0.8969
0.9003
0.9225
0.7940
0.9032
0.8879
0.8366
0.8473
0.9141
0.7842
0.8511
0.9520
0.9068
0.7673
0.9329
0.8252
0.8397
0.9015
0.9202
0.8621
0.9181
0.8877
0.7676
0.8515
0.9346
0.8940
0.7592
0.7133
0.9103
0.8116
0.8956
0.7739
0.9122
0.8571
0.8775
0.7350
0.9004
0.8187
0.6778
0.7432
0.9030
0.9096
0.8366
0.8615
0.8332
0.8065
0.8287
0.8385
0.9001
0.7640
0.8144
0.9504
0.8513
0.9179
0.7462
0.9194
0.8576
0.8601
0.9252
0.8904
0.8208
0.8850
0.8165
0.7204
0.8602
0.8241
0.8962
0.8819
0.7111
0.7366
0.7090
0.8178
0.8067
0.9140
0.8392
0.9388
0.7972
0.8547
0.6270
0.8706
0.7732
0.9145
0.8536
0.9126
0.8796
0.8181
0.8298
0.8786
0.7443
0.8660
0.9256
0.8620
0.8690
0.8742
0.7942
0.7209
0.8731
0.8904
0.8542
0.8866
0.6886
0.7716
0.8753
0.8638
0.9193
0.8688
0.9507
0.8625
0.8587
0.8955
0.8455
0.7716
0.9185
0.8840
0.7157
0.8905
0.7679
0.8379
0.8347
0.8125
0.9199
0.7996
0.8298
0.9092
0.8737
0.8241
0.8161
0.8489
0.8931
0.8417
0.6667
0.8366
0.8666
0.8416
0.7335
0.9216
0.8729
0.8760
0.7860
0.8513
0.8683
0.9091
0.8099
0.8341
0.8225
0.9037
0.7892
0.7376
0.8746
0.8438
0.8098
0.8510
0.8755
0.7943
0.7923
0.7431
0.8779
0.8600
0.8469
0.9264
0.8736
0.9182
0.7178
0.7749
0.8861
0.8506
0.8791
0.7891
0.8120
0.7854
0.8142
0.8662
0.8053
0.7566
0.8505
0.8547
0.8437
0.9109
0.8639
0.8435
0.7356
0.9000
0.8628
0.8655
0.8068
0.8642
0.8127
0.7526
0.7978
0.8036
0.8241
0.8431
0.6895
0.8431
0.8994
0.8619
0.7982
0.7778
0.8597
0.6776
0.8346
0.9190
0.8914
0.9387
0.9296
0.8118
0.9228
0.7978
0.9049
0.8551
0.7399
0.8535
0.8688
0.8449
0.8607
0.8468
0.8337
0.8299
0.7799
0.8621
0.7223
0.8263
0.7676
0.9219
0.8666
0.8350
0.8778
0.8718
0.8330
0.8568
0.7762
0.7679
0.9062
0.8316
0.8481
0.7401
0.8414
0.8540
0.9053
0.7155
0.8568
0.7177
0.8773
0.8264
0.8431
0.9157
0.8219
0.8987
0.8163
0.8111
0.8527
0.8737
0.7527
0.7847
0.8365
0.8386
0.9025
0.8558
0.9142
0.8727
0.7474
0.8271
0.8633
0.8505
0.8095
0.9118
0.8703
0.8553
0.8455
0.8611
0.8794
0.9167
0.8473
0.8295
0.8438
0.8070
0.9039
0.8076
0.8691
0.8978
0.8954
0.7977
0.8165
0.8108
0.8653
0.8290
0.8093
0.8538
0.8218
0.0193
0.7365
0.8144
0.8756
0.8803
0.8784
0.8957
0.8782
0.8522
0.9500
0.7369
0.9118
0.8972
0.8377
0.9046
0.9110
0.7879
0.8220
0.8649
0.7531
0.8922
0.8641
0.8736
0.8030
0.8711
0.9310
0.9031
0.8370
0.8877
0.7388
0.8915
0.9073
0.7851
0.7976
0.6914
0.9290
0.8003
0.7956
0.8209
0.7100
0.8817
0.7710
0.8865
0.8237
0.7766
0.8371
0.9475
0.7724
0.8698
0.8633
0.9347
0.8245
0.8650
0.7916
0.9073
0.8565
0.8069
0.8824
0.9296
0.8065
0.8829
0.7097
0.9084
0.9186
0.8481
0.7802
0.8303
0.7829
0.8942
0.6276
0.9397
0.7508
0.8842
0.9565
0.7551
0.7731
0.8783
0.8346
0.9098
0.8728
0.8372
0.7238
0.8868
0.8426
0.8211
0.8844
0.8444
