0.9829
0.9012
0.9000
0.9465
0.9695
0.9339
0.9668
0.9535
0.9800
0.9759
0.9759
0.9711
0.9596
0.9636
0.9504
0.9526
0.7670
0.9834
0.9727
0.9532
0.9612
0.9774
0.9740
0.8740
0.9738
0.9636
0.9005
0.9436
0.9668
0.9557
0.9722
0.9563
0.9750
0.9141
0.9243
0.8882
0.9500
0.9628
0.9668
0.9533
0.9595
0.9703
0.9027
0.9789
0.9635
0.9732
0.9712
0.8385
0.9727
0.9477
0.9345
0.9721
0.9852
0.9354
0.9622
0.9507
0.9596
0.9276
0.9426
0.9741
0.9870
0.9619
0.9647
0.9704
0.9643
0.9768
0.9747
0.9866
0.9531
0.9679
0.9563
0.9636
0.9354
0.9271
0.9408
0.9771
0.9170
0.9635
0.8921
0.9091
0.9747
0.9702
0.8788
0.9698
0.9449
0.9530
0.9623
0.9721
0.9084
0.9725
0.9468
0.9436
0.9601
0.9282
0.7034
0.9661
0.9345
0.9815
0.9814
0.9739
0.9755
0.9659
0.9670
0.9078
0.8680
0.8994
0.9640
0.9179
0.9837
0.9602
0.9069
0.9704
0.9276
0.9392
0.9505
0.9197
0.9662
0.9856
0.8968
0.9721
0.9394
0.9633
0.9754
0.9676
0.9487
0.9449
0.9502
0.8999
0.9587
0.9438
0.8998
0.9671
0.9674
0.9245
0.9833
0.9404
0.9462
0.9677
0.9407
0.9308
0.9825
0.9575
0.9489
0.9683
0.9210
0.9831
0.9512
0.9575
0.9462
0.9835
0.9766
0.9373
0.9814
0.9358
0.9573
0.9505
0.8860
0.9769
0.9663
0.9521
0.9580
0.9847
0.9756
0.9352
0.9741
0.9643
0.9447
0.9418
0.9776
0.9758
0.9851
0.9829
0.9677
0.9559
0.8669
0.9847
0.9677
0.9797
0.9814
0.9766
0.9855
0.9808
0.9828
0.9757
0.9647
0.9782
0.9312
0.9788
0.9472
0.9652
0.9617
0.9701
0.9653
0.9634
0.9681
0.8685
0.9560
0.9691
0.9772
0.9409
0.9434
0.9851
0.9762
0.8800
0.9860
0.9830
0.9636
0.9704
0.9558
0.9813
0.9780
0.9719
0.9476
0.9826
0.9497
0.9343
0.9785
0.9285
0.9765
0.9034
0.9559
0.9667
0.9701
0.9794
0.9737
0.9627
0.9770
0.9634
0.9361
0.9832
0.9117
0.9776
0.9697
0.9798
0.9101
0.9856
0.9813
0.9070
0.9343
0.9435
0.9574
0.9752
0.9673
0.9232
0.9415
0.9789
0.9401
0.9544
0.9757
0.9667
0.9828
0.9503
0.9847
0.9643
0.9601
0.9758
0.9809
0.9873
0.9413
0.9613
0.9885
0.9696
0.9794
0.9429
0.9778
0.9775
0.9704
0.9354
0.9777
0.9343
0.9778
0.9324
0.9787
0.9008
0.9605
0.9483
0.9478
0.9539
0.9767
0.9668
0.9788
0.9817
0.9725
0.9304
0.9742
0.9634
0.9723
0.9812
0.9837
0.9678
0.9281
0.9198
0.9753
0.9818
0.9701
0.9670
0.9758
0.9846
0.9696
0.9627
0.9122
0.9254
0.9858
0.9815
0.9325
0.9347
0.9625
0.9128
0.9800
0.9572
0.9626
0.9512
0.9731
0.9719
0.9766
0.9719
0.9800
0.9621
0.9748
0.9563
0.9429
0.9749
0.9728
0.9456
0.9619
0.8820
0.9823
0.9789
0.9176
0.9414
0.9877
0.9474
0.8931
0.9722
0.9502
0.9769
0.9453
0.9702
0.9607
0.9373
0.9674
0.9361
0.9652
0.9411
0.9676
0.9550
0.9330
0.9561
0.9371
0.9855
0.9754
0.9685
0.9592
0.9549
0.9603
0.9810
0.9878
0.9493
0.9523
0.9486
0.9067
0.9422
0.9834
0.9667
0.9761
0.9826
0.8977
0.8685
0.9702
0.9614
0.9787
0.9111
0.9839
0.9719
0.9818
0.9727
0.9721
0.9472
0.9349
0.9564
0.9849
0.9566
0.9805
0.9203
0.9468
0.9842
0.9785
0.9476
0.9555
0.9827
0.9805
0.9737
0.9657
0.9490
0.9370
0.9734
0.9803
0.9489
0.9557
0.9692
0.9618
0.9683
0.9718
0.9838
0.9766
0.9569
0.9790
0.9604
0.9121
0.9808
0.9165
0.9208
0.9672
0.9356
0.9290
0.9701
0.9685
0.9531
0.9714
0.9640
0.9426
0.9020
0.9716
0.9505
0.9838
0.9569
0.9481
0.9740
0.9685
0.9091
0.9741
0.9190
0.9630
0.9785
0.9883
0.9237
0.9674
0.9716
0.9691
0.9800
0.9164
0.9270
0.9726
0.9623
0.9032
0.9668
0.9781
0.9507
0.9705
0.9095
0.8933
0.9847
0.9291
0.9422
0.9381
0.9695
0.9340
0.9855
0.9733
0.9278
0.9554
0.9494
0.8872
0.9352
0.9808
0.9688
0.9576
0.9567
0.9727
0.9606
0.9486
0.9645
0.9401
0.9675
0.9507
0.9679
0.9816
0.9774
0.9726
0.9443
0.9712
0.9769
0.9508
0.9511
0.9461
0.9844
0.9724
0.9890
0.9690
0.9724
0.9042
0.9167
0.9824
0.9585
0.9501
0.9484
0.9638
0.9618
0.9648
0.9769
