0.9663
0.8202
0.8182
0.8985
0.9408
0.8759
0.9357
0.9111
0.9607
0.9530
0.9528
0.9439
0.9223
0.9297
0.9054
0.9095
0.6221
0.9673
0.9469
0.9105
0.9253
0.9558
0.9494
0.7763
0.9489
0.9298
0.8189
0.8932
0.9358
0.9151
0.9460
0.9162
0.9512
0.8418
0.8593
0.7989
0.9047
0.9282
0.9357
0.9107
0.9221
0.9423
0.8227
0.9587
0.9296
0.9478
0.9441
0.7220
0.9468
0.9006
0.8770
0.9457
0.9709
0.8786
0.9272
0.9060
0.9223
0.8650
0.8915
0.9496
0.9744
0.9266
0.9319
0.9424
0.9310
0.9547
0.9507
0.9735
0.9104
0.9377
0.9162
0.9297
0.8786
0.8641
0.8883
0.9553
0.8467
0.9295
0.8052
0.8333
0.9507
0.9421
0.7838
0.9414
0.8956
0.9102
0.9274
0.9456
0.8322
0.9465
0.8990
0.8933
0.9233
0.8660
0.5424
0.9344
0.8770
0.9636
0.9635
0.9491
0.9523
0.9341
0.9361
0.8312
0.7667
0.8171
0.9305
0.8483
0.9679
0.9234
0.8296
0.9424
0.8649
0.8854
0.9057
0.8513
0.9347
0.9715
0.8129
0.9456
0.8857
0.9291
0.9519
0.9371
0.9024
0.8956
0.9051
0.8181
0.9206
0.8936
0.8179
0.9364
0.9368
0.8596
0.9672
0.8876
0.8979
0.9374
0.8880
0.8705
0.9656
0.9185
0.9027
0.9385
0.8536
0.9668
0.9070
0.9184
0.8979
0.9676
0.9544
0.8820
0.9635
0.8793
0.9182
0.9057
0.7953
0.9549
0.9348
0.9085
0.9194
0.9699
0.9524
0.8784
0.9495
0.9311
0.8951
0.8900
0.9562
0.9528
0.9706
0.9664
0.9375
0.9156
0.7651
0.9699
0.9374
0.9602
0.9634
0.9543
0.9713
0.9623
0.9663
0.9525
0.9318
0.9574
0.8712
0.9585
0.8997
0.9328
0.9262
0.9419
0.9330
0.9294
0.9382
0.7676
0.9158
0.9401
0.9555
0.8884
0.8929
0.9706
0.9535
0.7858
0.9724
0.9667
0.9298
0.9425
0.9153
0.9633
0.9570
0.9454
0.9003
0.9657
0.9042
0.8768
0.9580
0.8665
0.9542
0.8238
0.9156
0.9355
0.9419
0.9597
0.9487
0.9280
0.9550
0.9294
0.8798
0.9670
0.8378
0.9563
0.9412
0.9604
0.8351
0.9715
0.9632
0.8299
0.8766
0.8931
0.9184
0.9517
0.9366
0.8574
0.8894
0.9587
0.8870
0.9128
0.9525
0.9355
0.9662
0.9053
0.9699
0.9310
0.9233
0.9528
0.9626
0.9749
0.8891
0.9255
0.9774
0.9410
0.9595
0.8919
0.9566
0.9560
0.9425
0.8786
0.9564
0.8767
0.9566
0.8733
0.9583
0.8196
0.9240
0.9017
0.9007
0.9118
0.9544
0.9357
0.9584
0.9642
0.9465
0.8698
0.9496
0.9295
0.9461
0.9632
0.9680
0.9375
0.8658
0.8515
0.9517
0.9643
0.9419
0.9361
0.9528
0.9697
0.9410
0.9280
0.8385
0.8611
0.9721
0.9637
0.8735
0.8773
0.9276
0.8396
0.9608
0.9180
0.9280
0.9069
0.9475
0.9454
0.9544
0.9453
0.9607
0.9269
0.9509
0.9163
0.8919
0.9511
0.9470
0.8967
0.9266
0.7889
0.9652
0.9587
0.8478
0.8893
0.9757
0.9000
0.8069
0.9459
0.9050
0.9549
0.8963
0.9421
0.9244
0.8820
0.9370
0.8798
0.9327
0.8888
0.9372
0.9138
0.8745
0.9160
0.8817
0.9715
0.9520
0.9389
0.9215
0.9137
0.9236
0.9626
0.9760
0.9035
0.9090
0.9023
0.8294
0.8908
0.9674
0.9355
0.9534
0.9658
0.8143
0.7675
0.9421
0.9257
0.9582
0.8366
0.9683
0.9453
0.9643
0.9469
0.9456
0.8997
0.8777
0.9165
0.9702
0.9168
0.9617
0.8523
0.8990
0.9689
0.9580
0.9004
0.9147
0.9661
0.9617
0.9487
0.9337
0.9030
0.8814
0.9482
0.9613
0.9027
0.9151
0.9402
0.9265
0.9385
0.9452
0.9681
0.9543
0.9174
0.9588
0.9238
0.8385
0.9623
0.8459
0.8532
0.9364
0.8790
0.8675
0.9419
0.9390
0.9104
0.9443
0.9305
0.8915
0.8215
0.9447
0.9056
0.9682
0.9173
0.9013
0.9493
0.9389
0.8333
0.9495
0.8501
0.9287
0.9579
0.9769
0.8582
0.9368
0.9447
0.9401
0.9607
0.8457
0.8640
0.9467
0.9273
0.8235
0.9357
0.9571
0.9060
0.9428
0.8340
0.8072
0.9698
0.8675
0.8906
0.8834
0.9408
0.8762
0.9714
0.9479
0.8654
0.9146
0.9037
0.7973
0.8783
0.9622
0.9394
0.9187
0.9170
0.9469
0.9243
0.9022
0.9315
0.8869
0.9371
0.9061
0.9377
0.9639
0.9558
0.9466
0.8946
0.9441
0.9548
0.9062
0.9068
0.8976
0.9693
0.9464
0.9782
0.9398
0.9463
0.8252
0.8462
0.9654
0.9202
0.9049
0.9018
0.9301
0.9264
0.9320
0.9549
