0.8481
0.6653
0.7802
0.8421
0.8731
0.8254
0.7586
0.8760
0.8731
0.7811
0.8074
0.6993
0.8593
0.6136
0.7839
0.8929
0.8159
0.7954
0.5854
0.8050
0.5873
0.7474
0.8095
0.7102
0.7389
0.6917
0.8993
0.8361
0.7425
0.8524
0.8308
0.8213
0.9126
0.7691
0.8377
0.8070
0.7972
0.0712
0.7525
0.8684
0.8013
0.8447
0.8263
0.7094
0.8174
0.8854
0.8585
0.8597
0.8276
0.8620
0.8055
0.7014
0.7888
0.8291
0.7976
0.8785
0.6817
0.8569
0.8532
0.8201
0.8309
0.7875
0.0268
0.9221
0.7377
0.8662
0.8771
0.8595
0.7832
0.8622
0.4827
0.8306
0.7697
0.3409
0.7261
0.3739
0.6114
0.3766
0.7162
0.7612
0.7892
0.7225
0.7858
0.8039
0.8114
0.7220
0.8875
0.7856
0.9047
0.7561
0.8393
0.8795
0.8728
0.8713
0.8659
0.8210
0.8240
0.8344
0.0239
0.7890
0.8797
0.8304
0.8856
0.5255
0.8215
0.6707
0.7582
0.7718
0.8604
0.8134
0.8291
0.8255
0.7753
0.7827
0.7870
0.8500
0.8654
0.8234
0.8821
0.8778
0.7580
0.8406
0.8823
0.9376
0.8594
0.8810
0.8053
0.7582
0.8435
0.8923
0.7995
0.7171
0.8533
0.8230
0.8700
0.8323
0.7925
0.8204
0.6026
0.9133
0.8431
0.7475
0.8898
0.7605
0.8358
0.7648
0.8933
0.8268
0.9017
0.8341
0.7731
0.8529
0.7859
0.8459
0.9099
0.8193
0.8492
0.8962
0.7001
0.8828
0.8242
0.8835
0.8451
0.3201
0.8962
0.8055
0.8963
0.8740
0.8321
0.7879
0.8380
0.8595
0.2956
0.4460
0.7964
0.8558
0.7936
0.8458
0.7529
0.8078
0.7638
0.5511
0.7474
0.7522
0.7472
0.7720
0.6303
0.7496
0.8467
0.7856
0.7618
0.7908
0.8095
0.8304
0.8862
0.8915
0.8587
0.9100
0.8561
0.5582
0.7574
0.8931
0.7504
0.7564
0.8480
0.8699
0.8009
0.5866
0.8507
0.8227
0.8455
0.8608
0.7891
0.1639
0.7603
0.8792
0.7611
0.7999
0.9073
0.8296
0.9081
0.8455
0.8750
0.8568
0.7807
0.8804
0.7947
0.8942
0.8094
0.8588
0.8109
0.9134
0.8294
0.7614
0.8935
0.8694
0.8342
0.8095
0.0020
0.8534
0.0000
0.8270
0.8595
0.8275
0.8762
0.8357
0.6976
0.1175
0.8254
0.8166
0.4160
0.8645
0.9154
0.4972
0.5948
0.3193
0.8289
0.8900
0.8821
0.6157
0.8354
0.8527
0.7840
0.8660
0.8264
0.8205
0.6379
0.8082
0.8591
0.8686
0.7909
0.9111
0.8649
0.8466
0.8692
0.7753
0.8875
0.8916
0.7373
0.8690
0.8434
0.6397
0.8583
0.8311
0.8232
0.8150
0.8707
0.8561
0.8662
0.8143
0.0044
0.7815
0.6693
0.9035
0.8750
0.7818
0.7768
0.7579
0.7416
0.8477
0.8243
0.7794
0.8511
0.7494
0.7880
0.7189
0.8706
0.7818
0.8878
0.7290
0.8737
0.8522
0.8720
0.8207
0.8779
0.8951
0.8067
0.7692
0.8624
0.7973
0.8625
0.7478
0.6745
0.8412
0.6948
0.8424
0.6913
0.8641
0.8562
0.6628
0.8505
0.8029
0.7903
0.9191
0.7650
0.8799
0.8226
0.8979
0.8353
0.8861
0.7374
0.4942
0.8649
0.3347
0.8655
0.8419
0.6431
0.6898
0.7396
0.8381
0.8643
0.6842
0.7140
0.8836
0.8385
0.8170
0.9267
0.6669
0.6394
0.7939
0.8157
0.9087
0.8452
0.8652
0.8291
0.8267
0.8472
0.3727
0.9051
0.2771
0.8087
0.8431
0.8665
0.8529
0.8602
0.7149
0.7581
0.7944
0.8406
0.7851
0.8048
0.4696
0.8124
0.2383
0.8453
0.6974
0.8276
0.8290
0.7602
0.8603
0.8291
0.8130
0.7703
0.8202
0.7540
0.8590
0.8072
0.8412
0.8835
0.7974
0.8715
0.8571
0.0043
0.7932
0.5461
0.9088
0.8345
0.7509
0.5686
0.7378
0.7034
0.8483
0.8854
0.8363
0.8037
0.8576
0.8112
0.4858
0.8563
0.8407
0.8554
0.8488
0.8662
0.9019
0.8309
0.9004
0.9061
0.8016
0.8160
0.7812
0.8681
0.8335
0.6630
0.4591
0.0054
0.8200
0.7972
0.8013
0.8921
0.8816
0.8139
0.8137
0.4513
0.7934
0.8459
0.5764
0.8740
0.7594
0.7745
0.8132
0.8232
0.8693
0.1769
0.8702
0.8226
0.4473
0.8431
0.8614
0.7765
0.8756
0.6114
0.7660
0.8748
0.8327
0.8397
0.6578
0.4491
0.7247
0.8231
0.8234
0.8635
0.3787
0.7919
0.8741
0.8843
0.6673
0.7753
0.8786
0.7918
0.8589
0.7883
0.7874
0.8422
0.8239
0.8422
0.8210
0.8673
0.6597
0.7902
0.7774
0.8068
0.8469
0.7968
0.8308
0.7702
0.7032
0.8180
0.8503
0.9204
0.8515
