1.4142
2.8284
2.4495
1.4142
1.7321
2.2361
3.0000
2.2361
1.4142
3.0000
2.2361
2.2361
2.0000
2.4495
2.2361
2.2361
2.2361
2.2361
2.8284
2.2361
3.0000
2.0000
2.2361
2.2361
3.0000
2.2361
1.4142
1.4142
2.4495
1.4142
3.0000
1.7321
1.4142
2.2361
1.7321
3.0000
1.7321
5.0000
2.4495
1.4142
2.2361
2.2361
2.2361
3.0000
1.7321
1.7321
1.7321
1.7321
3.0000
1.4142
2.2361
2.2361
2.4495
2.0000
3.0000
1.7321
3.0000
1.7321
2.0000
2.0000
1.7321
2.0000
5.4772
1.4142
2.2361
1.7321
1.4142
1.4142
2.0000
1.7321
2.4495
3.3166
3.0000
3.3166
2.0000
3.4641
2.2361
3.1623
3.0000
2.2361
2.2361
4.1231
3.3166
3.0000
3.0000
2.0000
1.7321
2.0000
1.4142
2.4495
2.0000
2.2361
1.7321
2.2361
1.7321
2.2361
2.0000
1.7321
inf
2.2361
1.4142
2.2361
1.4142
3.0000
1.7321
2.4495
2.2361
2.2361
2.0000
2.0000
1.7321
2.2361
2.4495
2.4495
2.4495
2.0000
2.0000
2.0000
1.7321
1.7321
2.4495
2.0000
1.4142
1.0000
2.2361
1.7321
2.4495
3.0000
2.2361
1.7321
2.0000
3.0000
1.7321
2.2361
1.4142
2.0000
3.3166
3.1623
2.4495
1.7321
2.2361
2.2361
2.0000
2.4495
1.7321
2.2361
2.2361
2.2361
1.4142
1.4142
2.8284
2.0000
2.0000
2.4495
1.4142
2.2361
1.7321
2.0000
2.4495
1.4142
2.2361
1.7321
2.0000
3.1623
1.4142
2.2361
2.0000
2.0000
2.0000
1.7321
2.4495
3.0000
3.7417
3.6056
2.2361
2.4495
2.2361
2.0000
2.0000
2.2361
2.0000
3.0000
2.4495
2.4495
2.4495
2.4495
2.8284
2.0000
2.0000
2.2361
1.7321
2.2361
2.0000
2.2361
2.2361
1.7321
2.2361
1.4142
2.2361
2.2361
2.4495
1.4142
2.2361
2.4495
2.2361
2.0000
2.2361
3.0000
1.4142
2.4495
1.4142
1.7321
3.0000
3.7417
3.0000
2.0000
2.8284
2.4495
1.4142
2.0000
2.0000
2.0000
1.7321
1.4142
3.0000
2.0000
2.0000
1.7321
2.2361
2.4495
2.4495
2.0000
2.0000
2.2361
1.4142
2.2361
2.8284
3.1623
inf
2.2361
inf
3.0000
1.4142
2.0000
2.2361
2.8284
2.8284
4.3589
2.4495
2.0000
3.4641
2.2361
1.4142
3.0000
2.4495
3.3166
3.1623
1.4142
1.7321
2.8284
2.4495
2.0000
2.2361
1.7321
3.0000
2.2361
2.4495
2.4495
1.7321
1.4142
2.4495
1.0000
2.0000
1.4142
1.4142
4.0000
1.4142
1.7321
2.2361
1.7321
1.7321
2.0000
1.4142
2.2361
3.0000
2.2361
2.0000
1.7321
1.7321
2.2361
inf
2.8284
3.3166
2.0000
2.2361
2.2361
2.2361
2.0000
2.4495
2.0000
2.2361
2.2361
2.2361
2.2361
2.8284
2.2361
1.7321
2.2361
2.0000
3.0000
2.2361
1.4142
2.2361
1.7321
1.4142
1.7321
2.2361
2.4495
2.4495
2.2361
2.0000
3.0000
2.4495
2.2361
3.7417
2.4495
3.0000
1.4142
1.7321
3.0000
1.7321
2.4495
3.0000
1.4142
2.0000
1.4142
2.2361
1.4142
1.4142
1.4142
3.0000
3.0000
1.4142
4.3589
1.7321
1.4142
2.8284
2.2361
2.4495
2.0000
2.4495
2.2361
2.2361
1.7321
2.0000
1.7321
1.0000
2.4495
2.4495
1.7321
3.0000
1.4142
1.7321
2.4495
2.0000
3.0000
2.2361
3.7417
1.4142
5.0990
3.0000
1.7321
1.7321
2.2361
2.0000
3.0000
2.2361
2.2361
2.2361
2.4495
2.4495
3.6056
2.2361
3.7417
2.0000
2.2361
1.4142
1.4142
3.0000
1.7321
1.7321
2.4495
2.4495
2.2361
2.2361
1.7321
2.0000
2.2361
1.4142
2.0000
1.7321
2.0000
inf
2.2361
3.3166
1.7321
2.0000
2.4495
3.1623
2.4495
2.2361
2.8284
2.2361
2.2361
2.8284
2.2361
2.2361
3.1623
2.2361
2.4495
2.0000
1.7321
2.2361
1.4142
2.0000
2.0000
1.7321
2.2361
2.0000
2.2361
2.0000
2.2361
3.1623
3.0000
inf
2.8284
1.4142
2.4495
2.2361
1.4142
2.0000
2.2361
3.1623
2.4495
1.7321
2.4495
2.4495
2.4495
2.2361
2.0000
2.0000
2.2361
3.7417
1.7321
2.0000
2.4495
2.2361
1.7321
2.2361
1.4142
2.4495
2.0000
2.0000
2.4495
2.2361
2.8284
3.0000
3.3166
2.2361
2.2361
1.4142
3.0000
2.2361
1.7321
1.7321
2.2361
2.2361
2.2361
2.4495
2.4495
2.8284
2.4495
2.0000
1.4142
2.0000
2.2361
2.2361
2.4495
2.0000
2.4495
2.2361
2.4495
2.4495
2.2361
2.4495
2.4495
2.2361
1.7321
1.4142
2.0000
