0.7363
0.4984
0.6396
0.7272
0.7748
0.7028
0.6111
0.7794
0.7747
0.6409
0.6770
0.5376
0.7533
0.4426
0.6446
0.8065
0.6891
0.6602
0.4139
0.6736
0.4157
0.5967
0.6800
0.5506
0.5860
0.5287
0.8170
0.7183
0.5905
0.7427
0.7105
0.6968
0.8393
0.6249
0.7207
0.6765
0.6627
0.0369
0.6032
0.7674
0.6685
0.7311
0.7040
0.5496
0.6912
0.7943
0.7521
0.7539
0.7059
0.7574
0.6743
0.5401
0.6512
0.7081
0.6634
0.7832
0.5171
0.7496
0.7440
0.6951
0.7107
0.6494
0.0136
0.8555
0.5844
0.7640
0.7811
0.7536
0.6437
0.7578
0.3181
0.7103
0.6256
0.2055
0.5700
0.2299
0.4403
0.2320
0.5578
0.6144
0.6518
0.5655
0.6472
0.6721
0.6827
0.5649
0.7977
0.6469
0.8260
0.6078
0.7231
0.7850
0.7743
0.7719
0.7635
0.6964
0.7007
0.7158
0.0121
0.6515
0.7853
0.7100
0.7948
0.3564
0.6971
0.5046
0.6105
0.6283
0.7550
0.6854
0.7081
0.7029
0.6330
0.6430
0.6488
0.7391
0.7627
0.6998
0.7891
0.7822
0.6103
0.7251
0.7894
0.8825
0.7535
0.7874
0.6741
0.6106
0.7293
0.8055
0.6659
0.5590
0.7441
0.6993
0.7699
0.7128
0.6563
0.6955
0.4313
0.8404
0.7288
0.5968
0.8015
0.6136
0.7178
0.6192
0.8072
0.7047
0.8210
0.7155
0.6302
0.7435
0.6474
0.7329
0.8347
0.6939
0.7378
0.8119
0.5385
0.7902
0.7009
0.7913
0.7317
0.1906
0.8119
0.6743
0.8121
0.7762
0.7124
0.6501
0.7212
0.7537
0.1734
0.2870
0.6616
0.7480
0.6579
0.7327
0.6037
0.6776
0.6178
0.3804
0.5967
0.6028
0.5964
0.6287
0.4601
0.5995
0.7342
0.6469
0.6153
0.6540
0.6800
0.7100
0.7956
0.8042
0.7524
0.8349
0.7484
0.3872
0.6096
0.8068
0.6005
0.6083
0.7362
0.7698
0.6679
0.4150
0.7402
0.6988
0.7324
0.7556
0.6517
0.0893
0.6133
0.7845
0.6144
0.6665
0.8302
0.7088
0.8317
0.7323
0.7778
0.7495
0.6403
0.7863
0.6594
0.8086
0.6798
0.7525
0.6820
0.8406
0.7086
0.6148
0.8076
0.7690
0.7155
0.6799
0.0010
0.7443
0.0000
0.7050
0.7536
0.7057
0.7797
0.7178
0.5356
0.0624
0.7027
0.6901
0.2626
0.7614
0.8440
0.3308
0.4232
0.1900
0.7078
0.8018
0.7890
0.4448
0.7174
0.7432
0.6448
0.7636
0.7042
0.6956
0.4683
0.6782
0.7530
0.7677
0.6541
0.8368
0.7619
0.7340
0.7687
0.6330
0.7977
0.8043
0.5839
0.7684
0.7292
0.4703
0.7517
0.7110
0.6996
0.6878
0.7711
0.7484
0.7639
0.6868
0.0022
0.6414
0.5030
0.8240
0.7778
0.6417
0.6351
0.6102
0.5893
0.7357
0.7012
0.6385
0.7408
0.5992
0.6502
0.5611
0.7708
0.6417
0.7983
0.5735
0.7758
0.7425
0.7731
0.6960
0.7823
0.8102
0.6760
0.6249
0.7581
0.6630
0.7582
0.5972
0.5088
0.7259
0.5323
0.7277
0.5283
0.7607
0.7486
0.4957
0.7400
0.6707
0.6533
0.8504
0.6195
0.7856
0.6986
0.8147
0.7172
0.7954
0.5840
0.3282
0.7619
0.2010
0.7629
0.7270
0.4739
0.5265
0.5868
0.7214
0.7611
0.5200
0.5552
0.7915
0.7219
0.6906
0.8633
0.5003
0.4699
0.6583
0.6887
0.8327
0.7319
0.7624
0.7081
0.7046
0.7349
0.2290
0.8266
0.1608
0.6789
0.7288
0.7645
0.7435
0.7547
0.5563
0.6104
0.6589
0.7251
0.6462
0.6733
0.3069
0.6841
0.1353
0.7320
0.5354
0.7060
0.7079
0.6131
0.7548
0.7081
0.6849
0.6264
0.6953
0.6051
0.7529
0.6768
0.7259
0.7913
0.6631
0.7723
0.7499
0.0022
0.6572
0.3756
0.8328
0.7159
0.6012
0.3973
0.5845
0.5425
0.7366
0.7944
0.7186
0.6719
0.7507
0.6824
0.3208
0.7488
0.7252
0.7473
0.7372
0.7640
0.8213
0.7106
0.8189
0.8283
0.6689
0.6892
0.6410
0.7670
0.7145
0.4959
0.2979
0.0027
0.6949
0.6628
0.6684
0.8052
0.7883
0.6861
0.6859
0.2914
0.6576
0.7329
0.4049
0.7763
0.6121
0.6319
0.6852
0.6995
0.7689
0.0970
0.7702
0.6986
0.2881
0.7288
0.7565
0.6346
0.7788
0.4403
0.6207
0.7775
0.7133
0.7237
0.4901
0.2896
0.5683
0.6993
0.6999
0.7598
0.2336
0.6555
0.7764
0.7925
0.5008
0.6331
0.7835
0.6554
0.7526
0.6506
0.6494
0.7274
0.7006
0.7274
0.6963
0.7657
0.4922
0.6532
0.6359
0.6761
0.7345
0.6622
0.7106
0.6262
0.5423
0.6921
0.7396
0.8525
0.7414
