0.9489
0.9772
0.9693
0.9551
0.9492
0.9528
0.8998
0.9740
0.9402
0.9156
0.9746
0.9292
0.9615
0.9816
0.9585
0.9595
0.9703
0.9779
0.9563
0.9774
0.9739
0.9370
0.9482
0.9553
0.9787
0.8940
0.9054
0.9666
0.9440
0.9793
0.9608
0.9869
0.9191
0.9707
0.9307
0.9724
0.9807
0.9531
0.9580
0.9493
0.9442
0.9514
0.9721
0.9600
0.9533
0.9088
0.9329
0.9002
0.9435
0.9802
0.9740
0.9508
0.9519
0.9797
0.9128
0.9337
0.9706
0.9405
0.9705
0.9818
0.9751
0.8846
0.9224
0.9405
0.9817
0.9632
0.8884
0.9825
0.9347
0.9350
0.9606
0.9447
0.9405
0.9774
0.9815
0.9082
0.9369
0.9556
0.9743
0.9375
0.9765
0.9657
0.9567
0.9307
0.9218
0.9772
0.9443
0.9466
0.9628
0.9694
0.9760
0.9130
0.8903
0.9307
0.9457
0.9820
0.9563
0.9479
0.9427
0.9586
0.9736
0.9763
0.9691
0.9591
0.9085
0.9494
0.9696
0.9770
0.9203
0.9303
0.9711
0.9673
0.9052
0.9334
0.9363
0.9555
0.9480
0.9330
0.9412
0.9748
0.9018
0.9530
0.9525
0.9699
0.9836
0.9418
0.9642
0.9457
0.9382
0.9220
0.9213
0.9846
0.9815
0.9046
0.9521
0.9707
0.9579
0.9266
0.9690
0.9399
0.9456
0.9655
0.9705
0.9282
0.9735
0.9621
0.9460
0.9510
0.9462
0.9603
0.9677
0.9430
0.9246
0.8900
0.9358
0.9324
0.9536
0.9340
0.9302
0.8904
0.9804
0.9422
0.9062
0.9531
0.9632
0.9810
0.9510
0.9780
0.9717
0.9751
0.9425
0.9453
0.9483
0.9190
0.9491
0.9822
0.9602
0.9692
0.9160
0.9751
0.9449
0.9495
0.9440
0.9553
0.9037
0.9618
0.9370
0.8970
0.9743
0.9780
0.9132
0.9422
0.9092
0.9114
0.9452
0.9353
0.9407
0.9864
0.9710
0.9436
0.9428
0.9369
0.8924
0.9007
0.8990
0.9654
0.9250
0.9703
0.9198
0.9398
0.9344
0.8921
0.9467
0.9817
0.9543
0.9665
0.9484
0.9414
0.9569
0.9820
0.9119
0.9743
0.9603
0.9718
0.9772
0.9197
0.9664
0.9553
0.9648
0.9779
0.9764
0.9663
0.9224
0.9419
0.9498
0.9278
0.9475
0.9764
0.8901
0.9819
0.9468
0.9407
0.9436
0.9264
0.9820
0.9251
0.9483
0.9309
0.9149
0.9402
0.9173
0.9160
0.9521
0.9543
0.8978
0.9352
0.9663
0.9510
0.9816
0.9877
0.9497
0.9587
0.9681
0.9600
0.9264
0.9445
0.9679
0.9352
0.9476
0.9746
0.9197
0.9389
0.9668
0.9271
0.9587
0.9291
0.9500
0.9740
0.9799
0.8683
0.9395
0.9323
0.9685
0.9800
0.9466
0.9596
0.9082
0.9163
0.9715
0.9681
0.9356
0.9363
0.9646
0.9532
0.9484
0.9377
0.8767
0.9500
0.9180
0.9304
0.9307
0.9540
0.9579
0.9574
0.9440
0.9570
0.9135
0.9496
0.9325
0.9734
0.9510
0.9688
0.9338
0.9304
0.9407
0.9510
0.9280
0.9369
0.9703
0.8991
0.9568
0.9344
0.9541
0.9012
0.9455
0.9492
0.9137
0.9649
0.9682
0.9549
0.9655
0.9496
0.9179
0.9697
0.9762
0.9314
0.9517
0.9660
0.9370
0.9528
0.9330
0.9504
0.9352
0.9762
0.8847
0.9315
0.9148
0.9636
0.9539
0.9819
0.9559
0.9580
0.9544
0.9688
0.9707
0.9767
0.9246
0.9734
0.9451
0.8939
0.9579
0.9732
0.9734
0.9439
0.9723
0.8955
0.9630
0.9553
0.9573
0.9796
0.9287
0.9348
0.9338
0.9096
0.9237
0.9289
0.9628
0.9305
0.9838
0.9692
0.9572
0.9711
0.9699
0.9590
0.9454
0.9865
0.9471
0.9734
0.9084
0.9718
0.9153
0.9344
0.9568
0.9709
0.9369
0.9576
0.9253
0.9847
0.9698
0.9183
0.9372
0.9215
0.9659
0.9700
0.9821
0.9506
0.9558
0.9558
0.9396
0.9748
0.9376
0.9435
0.9759
0.9146
0.9715
0.9831
0.9315
0.9420
0.9655
0.9667
0.9627
0.9784
0.9570
0.9343
0.9698
0.9732
0.9768
0.9710
0.9791
0.9297
0.9433
0.9844
0.9296
0.9607
0.9849
0.9774
0.9292
0.9621
0.9622
0.9772
0.9417
0.9276
0.9251
0.9369
0.9681
0.9432
0.9493
0.9392
0.9772
0.9505
0.9469
0.9340
0.9242
0.9659
0.9147
0.9233
0.9625
0.9504
0.9276
0.9746
0.9688
0.9279
0.9446
0.9412
0.9679
0.9328
0.9596
0.9783
0.9586
0.9731
0.9333
0.9786
0.9685
0.9284
0.8697
0.9753
0.9775
0.9410
0.9459
0.9269
0.9493
0.9455
0.8792
0.9809
0.9764
0.9718
0.9573
0.9211
0.9689
0.9343
0.9667
0.9552
0.9414
0.9381
0.9498
0.9796
0.9330
0.9386
0.9751
0.9700
