0.9358
0.9766
0.9922
0.8069
0.9753
0.9538
0.9636
0.9827
0.9500
0.9565
0.9740
0.9572
0.9849
0.9813
0.9881
0.9657
0.9872
0.9788
0.9549
0.9868
0.9856
0.9733
0.9527
0.9873
0.9815
0.9567
0.9364
0.9809
0.9584
0.9818
0.9652
0.9851
0.9319
0.9826
0.9372
0.9709
0.9861
0.9738
0.9521
0.9904
0.9899
0.9902
0.9698
0.9905
0.9903
0.9183
0.9724
0.9676
0.9532
0.9833
0.9860
0.9942
0.9648
0.9881
0.9481
0.9657
0.9739
0.9839
0.9862
0.9884
0.9762
0.9607
0.9725
0.8507
0.9802
0.9869
0.9669
0.9847
0.9917
0.9703
0.9790
0.9906
0.9746
0.9550
0.9800
0.9625
0.9886
0.9942
0.9752
0.9781
0.9822
0.9762
0.9620
0.9423
0.9152
0.9862
0.9523
0.9600
0.9884
0.9897
0.9867
0.9518
0.9637
0.9558
0.9645
0.9800
0.9930
0.9672
0.9096
0.9560
0.9767
0.9731
0.9869
0.9926
0.9642
0.9529
0.9789
0.9765
0.9548
0.9561
0.9754
0.9761
0.9547
0.9756
0.9636
0.9441
0.9631
0.9693
0.9668
0.9882
0.9154
0.9903
0.9367
0.9899
0.9848
0.9432
0.9731
0.9383
0.9494
0.9698
0.8919
0.9865
0.9842
0.9606
0.9708
0.9827
0.9737
0.9289
0.9878
0.9505
0.9845
0.9845
0.9789
0.9547
0.9869
0.9923
0.9043
0.9649
0.9424
0.9433
0.9886
0.9447
0.9818
0.9740
0.9497
0.9259
0.9481
0.9294
0.9815
0.9406
0.9805
0.9376
0.9713
0.9632
0.9747
0.9842
0.9459
0.9825
0.9814
0.9745
0.9770
0.9702
0.9520
0.9515
0.9848
0.9826
0.9902
0.9859
0.9697
0.9829
0.9561
0.9652
0.9200
0.9874
0.9027
0.9768
0.9898
0.9634
0.9829
0.9853
0.9204
0.9701
0.9576
0.9488
0.9465
0.9936
0.8730
0.9805
0.9792
0.9880
0.9592
0.9781
0.9555
0.9775
0.9568
0.9682
0.9802
0.9854
0.9757
0.9100
0.9650
0.9608
0.9941
0.9817
0.9855
0.9750
0.9881
0.9642
0.9536
0.9841
0.9787
0.9825
0.9547
0.9845
0.9842
0.9856
0.9840
0.9858
0.9654
0.9768
0.9841
0.9822
0.9556
0.9513
0.9549
0.9573
0.9286
0.9896
0.9616
0.9795
0.9560
0.9642
0.9714
0.9790
0.9828
0.9674
0.9709
0.9503
0.9099
0.9610
0.9528
0.9187
0.9749
0.9832
0.9497
0.9714
0.9742
0.9709
0.9820
0.9827
0.9891
0.9568
0.9834
0.9764
0.9721
0.9807
0.9838
0.9648
0.9510
0.9827
0.9159
0.8893
0.9858
0.9548
0.9931
0.9698
0.9650
0.9838
0.9820
0.9705
0.9247
0.9796
0.9885
0.9759
0.9855
0.9739
0.9660
0.9604
0.9861
0.9906
0.9535
0.9780
0.9674
0.9777
0.9592
0.9556
0.9667
0.9349
0.9787
0.9697
0.9498
0.9636
0.9536
0.9675
0.9939
0.9896
0.9647
0.9928
0.9740
0.9800
0.9583
0.9890
0.9560
0.9675
0.9702
0.9674
0.9559
0.9702
0.9819
0.9672
0.9908
0.9527
0.8857
0.9591
0.9759
0.9795
0.9820
0.9780
0.9822
0.9643
0.9750
0.9771
0.9631
0.9874
0.9895
0.9469
0.9608
0.9059
0.9642
0.9227
0.9777
0.9700
0.9493
0.9821
0.9692
0.9582
0.9649
0.9824
0.9587
0.9819
0.9853
0.9353
0.9664
0.9822
0.9896
0.9905
0.9437
0.9891
0.9885
0.9606
0.9806
0.9886
0.9739
0.9588
0.9902
0.9584
0.9938
0.9909
0.9880
0.9877
0.9642
0.9862
0.9504
0.9632
0.9818
0.9633
0.9903
0.8721
0.9841
0.9916
0.9895
0.9849
0.9762
0.9861
0.9760
0.9863
0.9749
0.9860
0.9735
0.9712
0.9422
0.9069
0.9288
0.9902
0.9482
0.9841
0.9667
0.9817
0.9725
0.9742
0.9720
0.9761
0.9871
0.9822
0.9879
0.9562
0.9635
0.9933
0.9414
0.9897
0.9585
0.8260
0.9863
0.9409
0.9793
0.9844
0.9728
0.8826
0.9630
0.9926
0.9810
0.9866
0.9087
0.8249
0.9716
0.9886
0.9779
0.9738
0.9811
0.9509
0.9582
0.9869
0.9614
0.9891
0.9837
0.9832
0.9353
0.9844
0.9761
0.9818
0.9612
0.9809
0.9566
0.9664
0.9830
0.9316
0.9720
0.9466
0.9807
0.9607
0.9758
0.9497
0.9665
0.9899
0.9661
0.9504
0.9876
0.9590
0.9757
0.9713
0.9916
0.9673
0.9650
0.9609
0.9842
0.9909
0.9939
0.9743
0.9919
0.9762
0.9592
0.9787
0.9883
0.9812
0.9788
0.9747
0.9785
0.9289
0.9892
0.9665
0.9878
0.9059
0.9563
0.9786
0.9884
0.9852
0.9701
0.9923
0.9902
0.9898
0.9871
0.9418
0.9889
0.9577
0.9898
0.9746
0.9884
0.9324
0.9904
0.9780
