0.6183
0.6815
0.6847
0.7032
0.6001
0.5610
0.5145
0.4584
0.5593
0.5162
0.3767
0.5497
0.7378
0.4315
0.6522
0.5767
0.5292
0.4528
0.6623
0.6741
0.5665
0.5927
0.5783
0.6516
0.5428
0.5025
0.6250
0.5204
0.5587
0.5257
0.5994
0.4605
0.6717
0.6595
0.5674
0.5118
0.5365
0.6809
0.6026
0.7959
0.8532
0.8529
0.5160
0.8340
0.6150
0.7948
0.5521
0.5371
0.5857
0.4591
0.7458
0.9657
0.6137
0.5468
0.5461
0.5384
0.4000
0.8330
0.7060
0.5643
0.4129
0.5177
0.6389
0.5914
0.4530
0.6499
0.5401
0.4931
0.7665
0.6361
0.6650
0.7406
0.6242
0.3761
0.4266
0.5863
0.9185
0.9093
0.4172
0.6092
0.4779
0.5672
0.5730
0.7577
0.7370
0.5221
0.6079
0.7339
0.5774
0.6279
0.5834
0.5691
0.5301
0.6609
0.7094
0.5699
0.9141
0.6034
0.7157
0.5840
0.3773
0.4780
0.5549
0.7830
0.5407
0.5868
0.6018
0.3707
0.5991
0.6451
0.5050
0.4497
0.5370
0.6067
0.5551
0.5933
0.5748
0.5902
0.6321
0.6406
0.6059
0.6265
0.5940
0.7162
0.5154
0.6749
0.5298
0.5813
0.6279
0.6232
0.6377
0.5163
0.5066
0.5685
0.6970
0.5460
0.6560
0.6181
0.5458
0.5885
0.7791
0.6903
0.5977
0.6242
0.6277
0.6843
0.6100
0.6212
0.7080
0.6780
0.5800
0.5311
0.6349
0.5757
0.6128
0.5654
0.5947
0.6158
0.6308
0.5967
0.4076
0.5582
0.5163
0.5735
0.4998
0.4762
0.6343
0.5031
0.6556
0.3727
0.5867
0.5527
0.5860
0.6378
0.6714
0.4926
0.7230
0.6481
0.5414
0.4848
0.5785
0.6852
0.6697
0.6459
0.7149
0.5225
0.7343
0.5580
0.5774
0.4625
0.8487
0.6486
0.5463
0.6167
0.5218
1.0430
0.5944
0.4451
0.4395
0.8576
0.6138
0.6878
0.5342
0.6316
0.6385
0.4591
0.8501
0.6161
0.5863
0.5529
0.5276
0.6254
0.8954
0.4560
0.5902
0.5714
0.9975
0.5976
0.6048
0.4918
0.6088
0.4301
0.6439
0.5300
0.4817
1.0395
0.6929
0.6909
0.5194
0.5747
0.6112
0.5321
0.6270
0.6607
0.7215
0.5318
0.6470
0.5813
0.5469
0.4939
0.5700
0.5676
0.5805
0.6408
0.4998
0.5972
0.5760
0.6993
0.6715
0.6174
0.6331
0.6070
0.6314
0.9353
0.5589
0.5443
0.5532
0.5911
0.5333
0.4667
0.7548
0.6668
0.4963
0.7238
0.6530
0.7482
0.4845
0.6022
0.5399
0.5094
0.6833
0.6936
0.5164
0.6008
0.7289
0.6124
0.5407
0.5639
0.4531
0.5396
0.6859
0.6375
0.6193
0.4730
0.8906
0.4737
0.5349
0.5038
0.5159
0.6336
0.5912
0.5848
0.6273
0.6280
0.6143
0.6249
0.5563
0.6088
0.5844
0.5701
0.7011
0.6426
0.5831
0.6359
0.8418
0.6545
0.5274
0.9051
0.5835
0.4516
0.5758
0.7230
0.6011
0.5830
0.6174
0.5998
0.5632
0.5432
0.5136
0.6072
0.9593
0.6279
0.6870
0.5368
0.5446
0.7080
0.6580
0.4457
0.5931
0.6063
0.5273
0.6184
0.6419
0.5606
0.6580
0.7179
0.6554
0.6100
0.5720
0.6220
0.5890
0.5584
0.5560
0.4430
0.5368
0.5696
0.5678
0.6432
0.6815
0.4110
0.6772
0.6113
0.5362
0.6122
0.6623
0.6973
0.6563
0.6141
0.7673
0.5388
0.7093
0.5938
0.4394
0.8460
0.5745
0.5910
0.7573
0.9176
0.6330
0.5752
0.6102
0.7864
0.6065
0.5417
0.6851
0.5421
0.7275
0.6880
0.4746
0.6959
0.7035
0.6415
0.4561
0.6522
0.6139
0.5336
0.5515
0.5890
0.5727
0.5085
0.7100
0.5985
0.6188
0.7178
0.6786
0.5905
0.5523
0.4475
0.5245
0.6561
0.5883
0.6182
0.5767
0.5715
0.4908
0.5541
0.7120
0.8007
0.5597
0.6627
0.5802
0.6984
0.6124
0.5007
0.5487
0.5998
0.6502
0.6260
0.6567
0.7033
0.6610
0.5699
0.6383
0.7084
0.4657
0.5986
0.5088
0.4686
0.4736
0.5643
0.5733
0.4993
0.5840
0.8578
0.5328
0.4571
0.5895
0.5663
0.6481
0.5488
0.6078
0.6956
0.6441
0.5939
0.5054
0.6309
0.5740
0.6006
0.5070
0.6337
0.6748
0.5925
0.5903
0.5817
0.5716
0.5926
0.6911
0.6350
0.6201
0.5472
0.7818
0.5852
0.5565
0.6531
0.7786
0.8583
0.7675
0.4494
0.7249
0.4043
0.6585
0.4492
0.6002
0.6728
0.8229
0.4012
0.4249
0.6245
1.0729
0.5504
0.7916
0.5984
0.5114
0.4162
0.5431
0.6043
0.4898
0.9840
0.6148
1.0103
0.5428
0.6376
0.8900
0.6176
0.8886
0.4988
0.9324
0.6342
0.6939
0.5270
