1.0499
1.2165
0.8988
1.3229
0.7496
0.7682
0.6159
0.4337
0.6636
0.5798
0.3529
0.6935
1.1694
0.4722
1.0957
0.7413
0.5516
0.5764
1.3425
0.9568
0.6639
0.8395
0.8750
0.9861
0.7334
0.5775
0.9302
0.6180
0.6488
0.6650
0.8640
0.4479
1.1998
0.9863
1.0279
0.8841
0.7100
1.0781
1.0024
1.3684
1.6334
1.6029
0.9496
1.6822
0.7179
1.8118
0.6772
0.6094
0.8632
0.4464
1.3568
1.8277
0.8061
0.6370
0.6903
0.7068
0.4573
1.7494
1.0809
0.7026
0.3798
0.6207
0.9772
1.1302
0.4689
0.9696
0.6359
0.5939
1.2910
0.9273
1.0213
1.1376
0.8357
0.3741
0.3956
0.7565
1.9475
1.6127
0.5039
0.8446
0.5779
0.7560
0.8686
2.6918
1.3043
0.5446
0.9381
2.4306
0.6636
0.7707
0.6925
0.8957
0.6124
1.1768
1.5521
0.8217
1.8089
0.8341
1.5492
0.8749
0.3141
0.6797
0.6591
1.1978
0.6266
0.7755
1.0128
0.3015
0.8327
1.0881
0.5967
0.4771
0.7283
0.8727
0.6623
0.9589
0.7122
0.8984
1.0711
0.8128
0.8494
0.7535
0.7968
1.0344
0.5764
1.3984
0.7224
0.8044
1.0396
0.9566
1.4566
0.5963
0.5331
0.7195
1.4307
0.6692
0.9620
0.9347
0.6471
0.8140
1.3827
1.0592
1.1108
1.0265
0.8295
0.8871
1.0056
0.9261
1.5202
1.4200
0.6627
0.5854
0.9352
0.7608
0.9799
0.9179
0.8220
0.9368
0.9315
0.8382
0.3787
0.9096
0.5763
0.6973
0.8686
0.4986
1.4182
0.6642
0.8802
0.3010
0.7124
0.6477
0.7933
1.0015
0.9048
0.7930
1.1191
1.0016
0.6297
0.5371
1.0629
1.2670
1.1861
0.9421
1.7543
0.6487
1.1409
0.7017
0.7453
0.4161
2.5208
1.1311
0.6529
0.8501
0.6027
2.1525
0.8112
0.5134
0.4374
1.5877
0.9395
1.1721
0.6318
1.0051
1.0282
0.6964
1.7182
0.7653
0.7620
0.7913
0.6166
0.9402
1.5541
0.4818
0.7630
0.7937
2.2174
0.8833
0.9046
0.5898
0.8915
0.4151
0.9259
0.6067
0.4990
2.5427
1.1964
1.0724
0.8911
1.0874
0.8379
0.6555
1.0001
1.3505
1.9269
0.6190
1.4986
0.6481
0.6919
0.6150
0.8736
0.7885
0.7138
0.8712
0.5784
0.7508
0.7722
1.4835
1.2671
0.9169
1.0063
0.8110
0.8613
1.8764
0.6909
0.6506
0.7364
0.9594
0.6813
0.5391
1.2334
1.3704
0.5600
1.1201
0.9824
1.2439
0.5436
0.8360
0.7485
0.7267
1.6126
1.9478
0.5475
0.8482
1.0238
0.9890
0.6139
0.7364
0.5189
0.6902
1.2507
0.8708
0.8491
0.5255
1.6603
0.5209
0.6282
0.5569
0.5837
0.7861
0.8069
0.7184
1.1325
0.8146
0.8480
0.9713
0.7042
1.0364
0.7124
0.7051
1.5599
0.9393
0.8551
1.0151
1.3679
0.9047
0.6171
1.7140
0.7099
0.4488
0.7075
1.0650
0.8663
0.7657
0.9138
0.7884
0.7164
0.6393
0.6056
0.8672
2.2551
0.9658
1.2834
0.6292
0.6581
1.1386
0.8828
0.5672
0.8002
0.9055
0.7191
0.7933
1.0613
0.6232
0.8308
1.7403
1.1686
1.0460
0.7346
0.9755
0.8350
0.6793
0.7819
0.4016
0.6845
0.7752
0.6858
1.0011
1.3160
0.3340
0.9995
0.8847
0.7508
1.0001
0.9744
0.9553
0.9565
0.7356
1.2192
0.6614
1.1064
0.7003
0.4994
2.5585
0.6338
0.8112
1.0943
1.8085
0.8433
0.7040
0.8030
1.4580
1.1307
0.6491
1.0796
0.7913
1.0777
1.4237
0.4980
0.9819
1.1164
1.0696
0.4667
1.0093
0.8159
0.5929
0.6548
0.8143
0.7743
0.7072
1.4183
1.2024
1.0019
1.1228
1.2278
0.8725
0.6875
0.4848
0.8845
1.1730
0.7258
0.9267
0.6945
0.7238
0.4780
0.8675
1.1453
1.2199
0.9130
0.9362
0.7669
1.5271
0.9378
0.5686
0.7458
0.7580
0.8910
0.8917
1.1989
0.9271
0.9920
0.7017
1.1576
1.4583
0.6039
0.7703
0.8214
0.5651
0.5280
0.7290
0.8100
0.4815
0.7271
1.6454
0.7611
0.5068
0.7629
0.7817
1.4287
0.8829
1.0355
1.0315
1.3451
0.7858
0.6552
1.6136
0.6926
0.9355
0.5773
0.9554
1.1494
0.8417
0.8871
0.6385
0.7847
0.9218
1.1329
1.1009
0.8178
0.8674
1.2260
0.7958
0.6714
1.1822
1.4230
1.5243
1.0972
0.5376
1.0588
0.4447
1.1771
0.4671
0.7348
0.9655
1.4328
0.4154
0.5163
1.0161
2.3773
0.6806
1.3832
1.0454
0.5671
0.4719
0.5823
0.7860
0.7574
2.0259
0.7357
2.1995
0.6871
1.3461
1.7756
0.9174
1.8614
0.6502
1.9931
1.0806
1.1474
0.6463
