1.0247
1.1029
0.9481
1.1502
0.8658
0.8765
0.7848
0.6585
0.8146
0.7615
0.5941
0.8328
1.0814
0.6871
1.0468
0.8610
0.7427
0.7592
1.1587
0.9782
0.8148
0.9163
0.9354
0.9930
0.8564
0.7599
0.9645
0.7861
0.8055
0.8155
0.9295
0.6692
1.0953
0.9931
1.0139
0.9403
0.8426
1.0383
1.0012
1.1698
1.2781
1.2661
0.9745
1.2970
0.8473
1.3460
0.8229
0.7807
0.9291
0.6681
1.1648
1.3519
0.8978
0.7981
0.8308
0.8407
0.6762
1.3227
1.0397
0.8382
0.6163
0.7879
0.9885
1.0631
0.6847
0.9847
0.7974
0.7706
1.1362
0.9630
1.0106
1.0666
0.9142
0.6117
0.6289
0.8698
1.3955
1.2699
0.7098
0.9190
0.7602
0.8695
0.9320
1.6407
1.1420
0.7380
0.9686
1.5590
0.8146
0.8779
0.8322
0.9464
0.7826
1.0848
1.2458
0.9065
1.3450
0.9133
1.2447
0.9354
0.5604
0.8244
0.8119
1.0945
0.7916
0.8806
1.0064
0.5491
0.9125
1.0431
0.7725
0.6907
0.8534
0.9342
0.8138
0.9792
0.8439
0.9478
1.0350
0.9016
0.9216
0.8680
0.8926
1.0171
0.7592
1.1825
0.8499
0.8969
1.0196
0.9781
1.2069
0.7722
0.7302
0.8482
1.1961
0.8181
0.9808
0.9668
0.8044
0.9022
1.1759
1.0292
1.0540
1.0132
0.9107
0.9419
1.0028
0.9623
1.2330
1.1916
0.8141
0.7651
0.9671
0.8722
0.9899
0.9581
0.9067
0.9679
0.9651
0.9156
0.6154
0.9537
0.7591
0.8350
0.9320
0.7061
1.1909
0.8150
0.9382
0.5486
0.8440
0.8048
0.8907
1.0008
0.9512
0.8905
1.0579
1.0008
0.7935
0.7329
1.0310
1.1256
1.0891
0.9706
1.3245
0.8054
1.0681
0.8377
0.8633
0.6450
1.5877
1.0635
0.8080
0.9220
0.7764
1.4671
0.9007
0.7165
0.6614
1.2600
0.9693
1.0826
0.7949
1.0026
1.0140
0.8345
1.3108
0.8748
0.8729
0.8895
0.7852
0.9696
1.2466
0.6941
0.8735
0.8909
1.4891
0.9399
0.9511
0.7680
0.9442
0.6443
0.9622
0.7789
0.7064
1.5946
1.0938
1.0356
0.9440
1.0428
0.9154
0.8096
1.0001
1.1621
1.3881
0.7868
1.2242
0.8051
0.8318
0.7842
0.9347
0.8880
0.8449
0.9334
0.7605
0.8665
0.8788
1.2180
1.1257
0.9575
1.0031
0.9006
0.9280
1.3698
0.8312
0.8066
0.8581
0.9795
0.8254
0.7342
1.1106
1.1707
0.7484
1.0583
0.9912
1.1153
0.7373
0.9143
0.8652
0.8524
1.2699
1.3956
0.7399
0.9210
1.0118
0.9945
0.7835
0.8582
0.7204
0.8308
1.1183
0.9331
0.9215
0.7249
1.2885
0.7217
0.7926
0.7463
0.7640
0.8866
0.8983
0.8476
1.0642
0.9026
0.9209
0.9855
0.8392
1.0181
0.8440
0.8397
1.2490
0.9692
0.9247
1.0075
1.1696
0.9511
0.7856
1.3092
0.8426
0.6699
0.8411
1.0320
0.9308
0.8750
0.9559
0.8879
0.8464
0.7996
0.7782
0.9312
1.5017
0.9827
1.1329
0.7933
0.8112
1.0671
0.9396
0.7531
0.8945
0.9516
0.8480
0.8906
1.0302
0.7894
0.9115
1.3192
1.0810
1.0228
0.8571
0.9877
0.9138
0.8242
0.8842
0.6337
0.8273
0.8805
0.8281
1.0006
1.1472
0.5779
0.9997
0.9406
0.8665
1.0001
0.9871
0.9774
0.9780
0.8577
1.1042
0.8133
1.0519
0.8368
0.7067
1.5995
0.7961
0.9007
1.0461
1.3448
0.9183
0.8391
0.8961
1.2075
1.0633
0.8057
1.0391
0.8895
1.0381
1.1932
0.7057
0.9909
1.0566
1.0342
0.6832
1.0046
0.9033
0.7700
0.8092
0.9024
0.8799
0.8410
1.1909
1.0965
1.0010
1.0596
1.1081
0.9341
0.8292
0.6963
0.9405
1.0830
0.8520
0.9626
0.8334
0.8508
0.6913
0.9314
1.0702
1.1045
0.9555
0.9676
0.8757
1.2358
0.9684
0.7541
0.8636
0.8706
0.9439
0.9443
1.0949
0.9628
0.9960
0.8377
1.0759
1.2076
0.7771
0.8776
0.9063
0.7517
0.7266
0.8538
0.9000
0.6939
0.8527
1.2827
0.8724
0.7119
0.8735
0.8841
1.1953
0.9397
1.0176
1.0156
1.1598
0.8865
0.8095
1.2703
0.8322
0.9672
0.7598
0.9774
1.0721
0.9174
0.9418
0.7991
0.8858
0.9601
1.0644
1.0492
0.9043
0.9313
1.1072
0.8921
0.8194
1.0873
1.1929
1.2346
1.0475
0.7332
1.0290
0.6669
1.0849
0.6835
0.8572
0.9826
1.1970
0.6445
0.7186
1.0080
1.5418
0.8250
1.1761
1.0224
0.7531
0.6870
0.7631
0.8866
0.8703
1.4234
0.8577
1.4831
0.8289
1.1602
1.3325
0.9578
1.3643
0.8064
1.4118
1.0395
1.0712
0.8039
