0.9445
0.9220
0.9097
0.9067
0.9479
0.8885
0.9118
0.9512
0.9703
0.8994
0.9582
0.9646
0.9544
0.9228
0.9573
0.9678
0.7498
0.9651
0.9601
0.9388
0.9208
0.9778
0.9358
0.8858
0.9456
0.9434
0.9042
0.8692
0.9785
0.8801
0.9114
0.9165
0.9399
0.9480
0.9203
0.9087
0.9657
0.9554
0.9384
0.9631
0.9682
0.9588
0.9226
0.9447
0.9380
0.9427
0.9551
0.8460
0.9675
0.9334
0.9603
0.9747
0.9590
0.9162
0.9554
0.9301
0.9498
0.9394
0.9136
0.9011
0.9496
0.9519
0.9292
0.9666
0.8877
0.9420
0.9728
0.9662
0.9582
0.9538
0.9576
0.9136
0.9123
0.9006
0.9493
0.9759
0.9606
0.9707
0.8740
0.9561
0.9567
0.9663
0.7938
0.9405
0.9660
0.9436
0.9295
0.9470
0.9339
0.9194
0.9008
0.9643
0.9254
0.9567
0.0000
0.9257
0.9327
0.9508
0.9532
0.9493
0.9567
0.9536
0.9533
0.9554
0.8784
0.8823
0.9120
0.9454
0.9587
0.9380
0.9178
0.9617
0.8658
0.8883
0.9717
0.9661
0.9772
0.9617
0.8405
0.9625
0.8307
0.9457
0.9141
0.8952
0.9602
0.9618
0.9553
0.9210
0.9467
0.9642
0.8944
0.9442
0.9639
0.9133
0.9713
0.9443
0.9418
0.9709
0.9092
0.9321
0.9390
0.9564
0.9357
0.9473
0.9017
0.9768
0.9722
0.9717
0.9370
0.9732
0.8708
0.9124
0.9604
0.9363
0.9588
0.8670
0.9484
0.9305
0.9488
0.9292
0.9721
0.9427
0.9540
0.9204
0.9484
0.9574
0.9495
0.9570
0.9504
0.9792
0.9395
0.9542
0.9687
0.9395
0.9121
0.9442
0.9705
0.9457
0.9613
0.9388
0.8982
0.8858
0.9427
0.9411
0.9361
0.9568
0.9196
0.9337
0.9075
0.9527
0.9322
0.9764
0.9443
0.9643
0.8691
0.8310
0.9555
0.9515
0.9314
0.8934
0.9728
0.9267
0.9744
0.8818
0.9530
0.9214
0.8919
0.9437
0.9446
0.9560
0.9758
0.9546
0.9437
0.9678
0.9278
0.9555
0.9536
0.9319
0.9774
0.9096
0.9742
0.9563
0.9449
0.9719
0.9719
0.9670
0.9466
0.9398
0.9430
0.9671
0.9318
0.9605
0.9176
0.9450
0.9450
0.9672
0.9740
0.8521
0.9092
0.9674
0.9252
0.9459
0.9334
0.9378
0.9044
0.9745
0.9628
0.9055
0.9454
0.9155
0.9597
0.9317
0.9574
0.9582
0.9651
0.9617
0.9473
0.9299
0.9073
0.9137
0.9451
0.9678
0.9633
0.8870
0.9264
0.9664
0.9783
0.9316
0.9344
0.8715
0.9622
0.9297
0.9525
0.9090
0.9837
0.9590
0.9301
0.9610
0.9725
0.9519
0.9786
0.9278
0.9729
0.9026
0.9502
0.9854
0.9278
0.9494
0.9276
0.9566
0.9622
0.9423
0.9632
0.9031
0.9673
0.9110
0.9379
0.9637
0.9598
0.9076
0.9331
0.8955
0.9408
0.9475
0.9143
0.9561
0.8622
0.9296
0.8396
0.9462
0.9632
0.9523
0.9788
0.9568
0.9359
0.9545
0.9551
0.9595
0.9271
0.9112
0.9485
0.9793
0.9644
0.9732
0.9235
0.8576
0.9653
0.9588
0.8765
0.9455
0.9168
0.8964
0.9388
0.9684
0.9178
0.9584
0.9302
0.9326
0.9389
0.9233
0.9593
0.9232
0.9152
0.8671
0.9201
0.9319
0.9072
0.9786
0.9243
0.9602
0.9396
0.9637
0.9526
0.9474
0.9447
0.9723
0.9794
0.9644
0.9631
0.9132
0.8327
0.9239
0.9784
0.9647
0.9433
0.9725
0.8699
0.8207
0.9262
0.8400
0.9823
0.9169
0.9515
0.9696
0.9600
0.9602
0.9587
0.9162
0.9471
0.9504
0.9104
0.9346
0.9660
0.9473
0.9417
0.9797
0.9193
0.7929
0.9552
0.9563
0.9604
0.9710
0.9719
0.9632
0.9608
0.9593
0.9724
0.9192
0.9080
0.9567
0.9521
0.8869
0.9572
0.9510
0.9567
0.9411
0.9335
0.9565
0.8881
0.9512
0.9436
0.9640
0.8845
0.9493
0.9214
0.9490
0.9727
0.9544
0.9319
0.8984
0.9608
0.9565
0.9621
0.9085
0.9630
0.9653
0.9494
0.9425
0.9530
0.9342
0.9323
0.9536
0.9695
0.9584
0.9624
0.9053
0.9746
0.9692
0.9425
0.9553
0.9206
0.8898
0.9325
0.9496
0.9581
0.9634
0.9351
0.9434
0.9427
0.9279
0.9021
0.9656
0.9170
0.9113
0.8519
0.9471
0.9699
0.9540
0.9826
0.9425
0.9492
0.9604
0.8921
0.9747
0.9520
0.9469
0.9564
0.9570
0.9455
0.9731
0.9735
0.9672
0.9250
0.9299
0.9591
0.9530
0.9448
0.9688
0.9601
0.9118
0.9446
0.9598
0.9632
0.9296
0.9579
0.9566
0.8784
0.9448
0.9379
0.9419
0.9157
0.7596
0.9174
0.9747
0.9562
0.9403
0.9451
0.9441
0.9739
0.9677
