0.8948
0.8553
0.8344
0.8293
0.9009
0.7993
0.8380
0.9069
0.9422
0.8172
0.9198
0.9317
0.9128
0.8566
0.9180
0.9375
0.5998
0.9325
0.9232
0.8847
0.8532
0.9565
0.8794
0.7951
0.8968
0.8929
0.8251
0.7687
0.9579
0.7860
0.8373
0.8459
0.8866
0.9011
0.8523
0.8328
0.9337
0.9146
0.8840
0.9289
0.9384
0.9209
0.8563
0.8953
0.8833
0.8915
0.9140
0.7331
0.9370
0.8751
0.9236
0.9506
0.9213
0.8454
0.9147
0.8694
0.9045
0.8858
0.8409
0.8200
0.9040
0.9081
0.8677
0.9354
0.7981
0.8903
0.9470
0.9346
0.9197
0.9117
0.9186
0.8409
0.8387
0.8191
0.9034
0.9530
0.9242
0.9431
0.7762
0.9158
0.9171
0.9348
0.6582
0.8877
0.9343
0.8932
0.8683
0.8993
0.8761
0.8509
0.8195
0.9311
0.8611
0.9170
0.0000
0.8617
0.8739
0.9062
0.9105
0.9036
0.9169
0.9113
0.9108
0.9145
0.7832
0.7894
0.8382
0.8965
0.9206
0.8832
0.8480
0.9262
0.7633
0.7990
0.9449
0.9345
0.9554
0.9262
0.7249
0.9276
0.7104
0.8970
0.8418
0.8103
0.9234
0.9265
0.9144
0.8536
0.8988
0.9308
0.8090
0.8943
0.9304
0.8405
0.9443
0.8945
0.8900
0.9435
0.8335
0.8728
0.8850
0.9164
0.8792
0.8999
0.8209
0.9546
0.9458
0.9449
0.8814
0.9478
0.7712
0.8390
0.9239
0.8803
0.9208
0.7652
0.9019
0.8701
0.9026
0.8678
0.9458
0.8915
0.9120
0.8525
0.9019
0.9183
0.9038
0.9175
0.9055
0.9592
0.8860
0.9123
0.9393
0.8860
0.8385
0.8943
0.9427
0.8970
0.9255
0.8846
0.8153
0.7950
0.8916
0.8887
0.8799
0.9171
0.8512
0.8756
0.8306
0.9097
0.8730
0.9539
0.8945
0.9310
0.7684
0.7108
0.9147
0.9074
0.8716
0.8073
0.9470
0.8633
0.9502
0.7886
0.9102
0.8542
0.8049
0.8934
0.8950
0.9158
0.9527
0.9132
0.8934
0.9376
0.8652
0.9149
0.9113
0.8725
0.9557
0.8342
0.9496
0.9163
0.8955
0.9453
0.9453
0.9361
0.8986
0.8864
0.8921
0.9363
0.8723
0.9241
0.8477
0.8958
0.8957
0.9366
0.9494
0.7423
0.8335
0.9369
0.8608
0.8973
0.8751
0.8830
0.8255
0.9502
0.9282
0.8273
0.8965
0.8443
0.9224
0.8722
0.9184
0.9198
0.9326
0.9263
0.9000
0.8690
0.8303
0.8410
0.8959
0.9376
0.9292
0.7969
0.8629
0.9350
0.9575
0.8719
0.8768
0.7723
0.9272
0.8687
0.9092
0.8332
0.9679
0.9211
0.8694
0.9249
0.9464
0.9082
0.9581
0.8653
0.9472
0.8225
0.9052
0.9712
0.8653
0.9037
0.8650
0.9168
0.9272
0.8910
0.9290
0.8234
0.9367
0.8366
0.8831
0.9299
0.9228
0.8308
0.8747
0.8107
0.8883
0.9003
0.8421
0.9159
0.7578
0.8684
0.7236
0.8978
0.9290
0.9090
0.9584
0.9171
0.8796
0.9130
0.9141
0.9221
0.8642
0.8369
0.9021
0.9594
0.9312
0.9478
0.8579
0.7506
0.9329
0.9208
0.7802
0.8967
0.8464
0.8122
0.8846
0.9387
0.8481
0.9201
0.8695
0.8737
0.8848
0.8575
0.9217
0.8574
0.8437
0.7655
0.8521
0.8726
0.8301
0.9582
0.8592
0.9235
0.8860
0.9300
0.9095
0.9000
0.8953
0.9462
0.9596
0.9312
0.9288
0.8403
0.7134
0.8586
0.9576
0.9318
0.8927
0.9465
0.7697
0.6959
0.8625
0.7241
0.9653
0.8465
0.9075
0.9409
0.9230
0.9235
0.9207
0.8453
0.8995
0.9055
0.8356
0.8772
0.9342
0.8998
0.8899
0.9601
0.8506
0.6568
0.9142
0.9163
0.9237
0.9435
0.9453
0.9290
0.9245
0.9219
0.9463
0.8505
0.8314
0.9169
0.9087
0.7968
0.9178
0.9065
0.9170
0.8888
0.8753
0.9167
0.7987
0.9070
0.8931
0.9304
0.7929
0.9034
0.8542
0.9030
0.9469
0.9128
0.8725
0.8156
0.9246
0.9167
0.9270
0.8323
0.9286
0.9329
0.9037
0.8912
0.9102
0.8765
0.8733
0.9113
0.9408
0.9201
0.9276
0.8269
0.9505
0.9403
0.8912
0.9143
0.8530
0.8014
0.8736
0.9040
0.9196
0.9293
0.8781
0.8929
0.8916
0.8655
0.8217
0.9334
0.8467
0.8370
0.7421
0.8996
0.9415
0.9120
0.9658
0.8913
0.9033
0.9239
0.8053
0.9507
0.9084
0.8992
0.9164
0.9175
0.8966
0.9477
0.9484
0.9364
0.8605
0.8690
0.9215
0.9102
0.8954
0.9395
0.9233
0.8379
0.8951
0.9228
0.9289
0.8684
0.9192
0.9169
0.7832
0.8954
0.8831
0.8902
0.8445
0.6124
0.8475
0.9506
0.9161
0.8874
0.8960
0.8941
0.9492
0.9374
