0.9899
0.9695
0.9815
0.9526
0.9830
0.9718
0.9788
0.9785
0.9889
0.9834
0.9818
0.9505
0.9812
0.9745
0.9849
0.9844
0.9643
0.9811
0.9851
0.9718
0.9763
0.9860
0.9764
0.9003
0.9890
0.9850
0.9707
0.9396
0.9864
0.9600
0.9873
0.9688
0.9900
0.9896
0.9816
0.9876
0.9877
0.9513
0.9771
0.9896
0.9839
0.9765
0.9499
0.9723
0.9717
0.9849
0.9870
0.9722
0.9812
0.9676
0.9760
0.9887
0.9816
0.9849
0.9708
0.9779
0.9531
0.9736
0.9869
0.9881
0.9882
0.9739
0.9722
0.9885
0.9732
0.9907
0.9860
0.9783
0.9610
0.9891
0.9850
0.9658
0.9529
0.9681
0.9779
0.9872
0.9847
0.9794
0.9728
0.9784
0.9807
0.9863
0.9720
0.9854
0.9783
0.9804
0.9823
0.9821
0.9708
0.9874
0.9775
0.9396
0.9527
0.9690
0.9589
0.9833
0.9775
0.9757
0.9558
0.9766
0.9867
0.9881
0.9852
0.9424
0.9687
0.9521
0.9723
0.9621
0.9887
0.9701
0.9703
0.9555
0.9719
0.9807
0.9879
0.9795
0.9870
0.9900
0.9545
0.9862
0.9546
0.9596
0.9830
0.9771
0.9839
0.9840
0.9899
0.9863
0.9873
0.9861
0.9409
0.9892
0.9911
0.9779
0.9864
0.9446
0.9779
0.9660
0.9500
0.9679
0.9894
0.9885
0.9868
0.9832
0.9677
0.9905
0.9567
0.9876
0.9806
0.9797
0.9695
0.9793
0.9879
0.9873
0.9870
0.9655
0.9895
0.9824
0.9856
0.9629
0.9865
0.9915
0.9739
0.9782
0.9581
0.9828
0.9821
0.9780
0.9803
0.9894
0.9917
0.9853
0.9851
0.9854
0.9569
0.9847
0.9793
0.9916
0.9676
0.9899
0.9879
0.9902
0.9822
0.9664
0.9766
0.9865
0.9899
0.9821
0.9771
0.9853
0.9830
0.9779
0.9911
0.9739
0.9807
0.9540
0.9858
0.9836
0.9839
0.9767
0.9831
0.9830
0.9825
0.9508
0.9825
0.9843
0.9894
0.9859
0.9887
0.9710
0.9854
0.9800
0.9906
0.9889
0.9742
0.9864
0.9721
0.9455
0.9848
0.9785
0.9904
0.9877
0.9642
0.9886
0.9864
0.9889
0.9842
0.9667
0.9567
0.9902
0.9580
0.9878
0.9737
0.9816
0.9542
0.9854
0.9879
0.9697
0.9753
0.9892
0.9776
0.9807
0.9318
0.9673
0.9699
0.9896
0.9868
0.9722
0.9873
0.9848
0.9874
0.9688
0.9845
0.9630
0.9876
0.9526
0.9769
0.9849
0.9749
0.9766
0.9880
0.9884
0.9888
0.9634
0.9501
0.9774
0.9669
0.9910
0.9880
0.9618
0.9852
0.9408
0.9861
0.9726
0.9807
0.9881
0.9740
0.9843
0.9887
0.9716
0.9834
0.9890
0.9807
0.9569
0.9836
0.9905
0.9701
0.9855
0.9878
0.9798
0.9727
0.9846
0.9850
0.9903
0.9795
0.9746
0.9830
0.9863
0.9510
0.9780
0.9734
0.9710
0.9886
0.9706
0.9874
0.9831
0.9849
0.9848
0.9712
0.9827
0.9825
0.9753
0.9816
0.9814
0.9835
0.9829
0.9905
0.9861
0.9888
0.9720
0.9902
0.9919
0.9889
0.9903
0.9732
0.9707
0.9887
0.9716
0.9698
0.9571
0.9921
0.9566
0.9550
0.9692
0.9735
0.9637
0.9771
0.9820
0.9851
0.9286
0.9749
0.9657
0.9649
0.9777
0.9835
0.9895
0.9846
0.9855
0.9847
0.9826
0.9893
0.9833
0.9791
0.9615
0.9754
0.9710
0.9754
0.9353
0.9735
0.9763
0.9762
0.9709
0.9839
0.9889
0.9760
0.9833
0.9384
0.9348
0.9827
0.9681
0.9836
0.9865
0.9887
0.9886
0.9853
0.9599
0.9867
0.9678
0.9736
0.9738
0.9904
0.9435
0.9860
0.9829
0.9788
0.9856
0.9842
0.9507
0.9853
0.9901
0.9871
0.9882
0.9901
0.9708
0.9734
0.9880
0.9828
0.9824
0.9595
0.9821
0.9693
0.9720
0.9808
0.9868
0.9902
0.9874
0.9879
0.9808
0.9579
0.9855
0.9789
0.9855
0.9877
0.9718
0.9752
0.9650
0.9608
0.9869
0.9901
0.9879
0.9875
0.9830
0.9844
0.9793
0.9874
0.9840
0.9788
0.9627
0.9848
0.9687
0.9775
0.9701
0.9896
0.9842
0.9928
0.9779
0.9696
0.9867
0.9779
0.9879
0.9879
0.9200
0.9851
0.9863
0.9832
0.9806
0.9816
0.9822
0.9735
0.9440
0.9862
0.9825
0.9722
0.9670
0.9912
0.9779
0.9903
0.9874
0.9905
0.9688
0.9709
0.9817
0.9646
0.9899
0.9796
0.9868
0.9849
0.9862
0.9883
0.9861
0.9875
0.9861
0.9546
0.9903
0.9811
0.9845
0.9842
0.9806
0.9827
0.9737
0.9767
0.9873
0.9881
0.9743
0.9752
0.9863
0.9698
0.9855
0.9666
0.9810
0.9716
0.9579
0.9860
0.9784
0.9741
0.9814
0.9648
0.9515
0.9881
0.9886
