0.9836
0.9681
0.9740
0.9630
0.9635
0.9755
0.9668
0.9754
0.9759
0.9865
0.9833
0.9507
0.9633
0.9536
0.9796
0.9878
0.9712
0.9778
0.9748
0.9784
0.9583
0.9743
0.9845
0.8982
0.9838
0.9745
0.9809
0.9667
0.9797
0.9730
0.9803
0.9542
0.9823
0.9795
0.9696
0.9766
0.9820
0.9753
0.9814
0.9796
0.9819
0.9785
0.9804
0.9625
0.9700
0.9832
0.9846
0.9851
0.9801
0.9579
0.9706
0.9822
0.9843
0.9875
0.9637
0.9887
0.9617
0.9741
0.9775
0.9772
0.9857
0.9668
0.9756
0.9767
0.9890
0.9831
0.9717
0.9854
0.9830
0.9790
0.9818
0.9860
0.9755
0.9813
0.9762
0.9787
0.9753
0.9776
0.9611
0.9732
0.9699
0.9801
0.9600
0.9758
0.9775
0.9773
0.9753
0.9829
0.9663
0.9791
0.9809
0.9417
0.9719
0.9689
0.9599
0.9794
0.9900
0.9885
0.9437
0.9768
0.9745
0.9765
0.9833
0.9582
0.9767
0.9716
0.9533
0.9753
0.9824
0.9853
0.9743
0.9589
0.9807
0.9705
0.9806
0.9696
0.9767
0.9819
0.9794
0.9780
0.9281
0.9656
0.9858
0.9786
0.9839
0.9742
0.9793
0.9843
0.9839
0.9801
0.9599
0.9699
0.9852
0.9680
0.9776
0.9799
0.9781
0.9649
0.9325
0.9831
0.9758
0.9797
0.9798
0.9824
0.9698
0.9807
0.9458
0.9763
0.9695
0.9686
0.9609
0.9673
0.9796
0.9788
0.9808
0.9882
0.9800
0.9869
0.9807
0.9744
0.9800
0.9777
0.9577
0.9703
0.9815
0.9734
0.9793
0.9733
0.9848
0.9831
0.9820
0.9736
0.9744
0.9736
0.9694
0.9851
0.9864
0.9748
0.9666
0.9857
0.9873
0.9841
0.9757
0.9820
0.9685
0.9823
0.9802
0.9879
0.9572
0.9710
0.9720
0.9708
0.9797
0.9806
0.9881
0.9384
0.9773
0.9782
0.9851
0.9769
0.9845
0.9682
0.9782
0.9386
0.9872
0.9856
0.9832
0.9824
0.9785
0.9590
0.9730
0.9700
0.9796
0.9814
0.9808
0.9823
0.9860
0.9604
0.9746
0.9641
0.9770
0.9761
0.9869
0.9816
0.9758
0.9825
0.9830
0.9547
0.9776
0.9774
0.9624
0.9826
0.9708
0.9835
0.9776
0.9873
0.9786
0.9615
0.9798
0.9807
0.9724
0.9653
0.9413
0.9793
0.9559
0.9793
0.9780
0.9424
0.9834
0.9841
0.9840
0.9808
0.9664
0.9598
0.9781
0.9364
0.9887
0.9845
0.9810
0.9603
0.9871
0.9776
0.9820
0.9833
0.9408
0.9853
0.9874
0.9816
0.9792
0.9633
0.9793
0.9619
0.9757
0.9645
0.9740
0.9712
0.9710
0.9881
0.9793
0.9605
0.9719
0.9846
0.9717
0.9672
0.9842
0.9845
0.9364
0.9761
0.9846
0.9709
0.9809
0.9749
0.9800
0.9811
0.9860
0.9451
0.9866
0.9806
0.9576
0.9662
0.9812
0.9730
0.9831
0.9775
0.9771
0.9749
0.9842
0.9796
0.9826
0.9801
0.9734
0.9724
0.9829
0.9747
0.9895
0.9666
0.9776
0.9824
0.9819
0.9905
0.9816
0.9828
0.9807
0.9804
0.9847
0.9623
0.9821
0.9545
0.9675
0.9631
0.9828
0.9752
0.9732
0.9684
0.9872
0.9529
0.9736
0.9591
0.9820
0.9590
0.9670
0.9682
0.9470
0.9889
0.9879
0.9753
0.9863
0.9778
0.9719
0.9708
0.9848
0.9764
0.9794
0.9554
0.9833
0.9786
0.9869
0.9554
0.9542
0.9792
0.9678
0.9764
0.9835
0.9768
0.9681
0.9863
0.9664
0.9559
0.9627
0.9650
0.9709
0.9768
0.9704
0.9830
0.9751
0.9490
0.9820
0.9548
0.9801
0.9792
0.9827
0.9474
0.9806
0.9769
0.9838
0.9713
0.9778
0.9780
0.9809
0.9813
0.9735
0.9801
0.9797
0.9612
0.9697
0.9837
0.9747
0.9814
0.9878
0.9753
0.9741
0.9808
0.9670
0.9710
0.9809
0.9792
0.9868
0.9707
0.9813
0.9718
0.9845
0.9779
0.9855
0.9722
0.9704
0.9799
0.9684
0.9776
0.9756
0.9786
0.9793
0.9713
0.9823
0.9809
0.9779
0.9745
0.9734
0.9464
0.9849
0.9503
0.9657
0.9759
0.9810
0.9840
0.9828
0.9710
0.9653
0.9822
0.9802
0.9846
0.9768
0.9624
0.9859
0.9721
0.9718
0.9764
0.9837
0.9712
0.9651
0.9546
0.9764
0.9880
0.9808
0.9675
0.9797
0.9641
0.9812
0.9791
0.9814
0.9568
0.9657
0.9562
0.9700
0.9789
0.9857
0.9801
0.9792
0.9748
0.9770
0.9845
0.9774
0.9770
0.9272
0.9823
0.9750
0.9770
0.9730
0.9850
0.9559
0.9587
0.9819
0.9842
0.9792
0.9654
0.9704
0.9737
0.9898
0.9858
0.8995
0.9667
0.9850
0.9215
0.9640
0.9753
0.9723
0.9754
0.9480
0.9772
0.9826
0.9754
