0.5294
0.3312
0.3156
0.5357
0.4526
0.4016
0.4486
0.4258
0.3750
0.5603
0.5566
0.4817
0.3243
0.3765
0.4367
0.5872
0.3350
0.4652
0.3724
0.4061
0.3929
0.4031
0.5524
0.3718
0.5225
0.4091
0.4338
0.4582
0.4390
0.3410
0.4587
0.4449
0.4293
0.3524
0.3223
0.3360
0.4624
0.3898
0.5709
0.4160
0.5184
0.3982
0.3638
0.5142
0.4611
0.5445
0.5013
0.4958
0.4109
0.3617
0.3343
0.4111
0.5519
0.6507
0.5680
0.7067
0.4534
0.3915
0.4052
0.4025
0.5309
0.4531
0.4231
0.3930
0.5340
0.4860
0.4126
0.6348
0.5088
0.4474
0.4606
0.5398
0.3313
0.3938
0.3822
0.4138
0.4190
0.4544
0.3081
0.3259
0.3864
0.4498
0.3139
0.3871
0.4104
0.3712
0.6107
0.5783
0.3119
0.4908
0.4365
0.5010
0.3812
0.3593
0.3118
0.4316
0.5795
0.6393
0.4777
0.3987
0.4301
0.4568
0.5649
0.4041
0.3623
0.3939
0.4188
0.3566
0.4276
0.5155
0.3474
0.5613
0.3978
0.3638
0.4760
0.3015
0.3855
0.4811
0.3657
0.4577
0.4677
0.3401
0.5407
0.4813
0.4870
0.3836
0.3822
0.4634
0.4826
0.4330
0.3554
0.4153
0.4891
0.3793
0.3638
0.8412
0.4069
0.3517
0.4148
0.4361
0.5199
0.3475
0.4199
0.4824
0.4656
0.4732
0.4144
0.4480
0.3520
0.4035
0.4407
0.3397
0.5254
0.3900
0.4799
0.4708
0.3874
0.6565
0.5657
0.5903
0.4508
0.4295
0.4504
0.6242
0.4225
0.3668
0.3989
0.3681
0.6380
0.4675
0.4973
0.4295
0.4217
0.3486
0.3893
0.5903
0.5416
0.4305
0.4643
0.5547
0.5595
0.5250
0.3840
0.6659
0.3544
0.4980
0.4172
0.6977
0.3963
0.4241
0.4407
0.3837
0.3822
0.5139
0.6388
0.3369
0.4227
0.4512
0.5502
0.3820
0.5051
0.4196
0.3937
0.4001
0.6200
0.5492
0.5232
0.4612
0.4224
0.4311
0.4245
0.3860
0.4028
0.5193
0.4036
0.4449
0.6335
0.4449
0.4054
0.3623
0.3688
0.3939
0.6691
0.5619
0.5081
0.4977
0.4247
0.3467
0.4089
0.3739
0.3638
0.5769
0.4664
0.6593
0.3308
0.6724
0.4478
0.4103
0.4307
0.3755
0.4213
0.3783
0.5543
0.4500
0.3901
0.5037
0.3912
0.4348
0.6074
0.4986
0.5353
0.3826
0.4775
0.3911
0.3964
0.4144
0.6688
0.5424
0.4061
0.3697
0.6312
0.4695
0.4517
0.4153
0.5354
0.6166
0.6520
0.4112
0.5123
0.3329
0.4952
0.4479
0.4101
0.3312
0.3602
0.3675
0.3853
0.5808
0.3959
0.4829
0.3655
0.5037
0.3739
0.5571
0.6256
0.4957
0.4225
0.4468
0.4512
0.5068
0.4100
0.3407
0.5151
0.4376
0.6003
0.4389
0.6097
0.4603
0.4632
0.3707
0.4018
0.3747
0.5073
0.5420
0.3594
0.3422
0.5003
0.3344
0.4143
0.5310
0.4314
0.3639
0.5510
0.3778
0.6092
0.5306
0.4598
0.4594
0.4512
0.7370
0.4461
0.4895
0.4422
0.4398
0.5125
0.3463
0.4731
0.4712
0.3308
0.3830
0.4731
0.3518
0.3691
0.4552
0.4786
0.4712
0.3976
0.4079
0.4926
0.4372
0.4360
0.3607
0.4919
0.7989
0.6017
0.3995
0.5414
0.4416
0.3419
0.4852
0.6066
0.3836
0.4068
0.4002
0.6520
0.5521
0.6290
0.4447
0.4193
0.4277
0.3395
0.4011
0.4954
0.4027
0.5535
0.5750
0.3388
0.3466
0.3981
0.3780
0.3942
0.3684
0.4395
0.4748
0.3587
0.4136
0.4318
0.3977
0.4394
0.4982
0.4719
0.3958
0.5454
0.3997
0.5034
0.3887
0.4906
0.3916
0.4046
0.5410
0.4208
0.4318
0.4329
0.4027
0.3712
0.5721
0.4409
0.4690
0.6038
0.4351
0.4512
0.5919
0.4784
0.4622
0.4465
0.4243
0.5287
0.3778
0.3798
0.3674
0.4277
0.4378
0.5783
0.4428
0.3717
0.4354
0.4157
0.4131
0.3732
0.4504
0.3992
0.3623
0.5155
0.4598
0.5122
0.4347
0.3793
0.5022
0.5159
0.3592
0.4061
0.4099
0.5143
0.5587
0.4392
0.3302
0.3773
0.4689
0.4379
0.5213
0.3580
0.3854
0.5487
0.3534
0.3171
0.3608
0.6861
0.3904
0.4485
0.4016
0.3387
0.6596
0.4184
0.3346
0.4712
0.3985
0.4178
0.3925
0.4219
0.3466
0.4193
0.4042
0.3016
0.4018
0.6072
0.4225
0.3733
0.4129
0.4043
0.4807
0.3802
0.4538
0.4003
0.4063
0.3816
0.3660
0.4748
0.5614
0.4346
0.4146
0.4903
0.5260
0.4330
0.3646
0.3314
0.5347
0.5967
0.6128
0.5166
0.4489
0.4354
0.3790
0.4700
0.3472
0.4131
0.3379
0.3578
0.4138
0.4574
0.4192
