0.7281
0.2479
0.2053
0.9735
0.6053
0.3583
0.7522
0.4795
0.3414
0.6820
0.7148
0.6769
0.2310
0.4619
0.4591
0.7009
0.2133
0.5267
0.3332
0.3974
0.5220
0.4090
0.6567
0.5743
0.6477
0.4279
0.3674
0.7244
0.4642
0.2520
0.4955
0.7765
0.3909
0.2449
0.2774
0.2418
0.5198
0.4278
0.7642
0.4305
0.5787
0.4004
0.2521
1.0341
0.9442
0.8882
0.6988
0.4573
0.3959
0.3275
0.2551
0.3960
0.6351
0.8424
1.2916
1.1916
0.6839
0.3494
0.3505
0.4443
0.5908
0.6219
0.4900
0.4234
0.6010
0.5460
0.5010
0.8861
0.5954
0.4500
0.5045
0.7034
0.2148
0.3076
0.4480
0.3522
0.4542
0.5191
0.2426
0.2547
0.4609
0.4807
0.1956
0.3888
0.4181
0.2773
1.1878
1.1729
0.2152
0.6291
0.5302
0.7335
0.3205
0.3122
0.1796
0.3924
0.6130
0.9116
0.7896
0.4323
0.5994
0.7188
0.8180
0.4743
0.2656
0.4208
0.7597
0.2603
0.4828
0.4977
0.2543
1.0416
0.3110
0.4593
0.5232
0.2308
0.3897
0.5488
0.2859
0.5310
1.2307
0.2407
0.6663
0.4810
0.5388
0.4555
0.3088
0.4151
0.5259
0.3960
0.2977
0.4564
0.4637
0.3383
0.3029
1.6554
0.3511
0.2893
0.6991
0.3687
0.6730
0.2321
0.3994
0.7434
0.6008
0.6027
0.5760
0.5009
0.3803
0.4814
0.5497
0.2738
0.7747
0.3262
0.5352
0.3995
0.2930
0.9085
0.7406
1.3682
0.4888
0.4187
0.8334
1.5257
0.3737
0.3398
0.3447
0.3483
1.0214
0.5319
0.5516
0.6991
0.4826
0.2636
0.4102
0.6959
0.7665
0.4579
0.6815
0.7025
0.5870
0.6276
0.3745
1.1458
0.4098
0.6024
0.3636
1.1954
0.6032
0.5209
0.5207
0.3893
0.3398
0.6597
0.9024
0.2882
0.4420
0.5691
0.7247
0.2992
0.4994
0.4745
0.4303
0.6045
0.8758
0.6776
0.6412
0.4728
0.4444
0.6912
0.5582
0.5211
0.3100
0.7348
0.3981
0.4491
0.8305
0.5559
0.4162
0.3173
0.3169
0.4016
0.9460
0.8224
0.7405
0.5591
0.4341
0.3221
0.3734
0.2990
0.3341
0.8085
0.6617
1.1487
0.2258
1.1097
0.5525
0.5689
0.4140
0.2864
0.4690
0.4088
1.0768
0.4954
0.4047
0.7119
0.3750
0.8218
0.9012
0.5198
0.7259
0.2968
0.6822
0.4276
0.3424
0.7534
0.9809
0.6983
0.3225
0.4187
0.8186
0.6427
0.4890
0.3198
1.2791
1.0801
0.8877
0.3306
0.5794
0.2187
0.5722
0.6726
0.3989
0.2173
0.3175
0.4500
0.4013
0.6880
0.2991
0.8803
0.2992
0.5689
0.3299
0.8931
0.9206
0.4781
0.8644
0.5312
0.4805
0.7497
0.4249
0.2526
0.6534
0.4171
0.7927
0.8916
0.8474
0.6618
0.6153
0.3892
0.3112
0.2940
0.7206
0.7046
0.2539
0.2540
0.5454
0.2134
0.3812
0.6545
0.5481
0.3161
0.7946
0.4038
0.7713
0.8810
0.5472
0.5945
0.4710
1.2144
0.4429
0.6523
0.4230
0.4040
0.5074
0.3617
0.5121
0.7615
0.2121
0.5334
0.5393
0.2436
0.3131
0.7554
0.4431
1.0111
0.4079
0.5424
0.7107
0.4767
0.5546
0.2983
1.1434
1.4942
0.8335
0.3568
0.6039
0.5159
0.3194
0.8599
0.9799
0.4125
0.3364
0.4697
1.1252
0.7605
0.8525
0.5782
0.5051
0.3930
0.2253
0.3915
0.5332
0.3841
0.9992
0.7744
0.2362
0.2485
0.5481
0.4740
0.3910
0.3052
0.5700
0.4904
0.3236
0.5110
0.3911
0.4477
0.4051
0.7448
0.5201
0.4703
0.7124
0.4448
0.6890
0.4989
0.6589
0.3345
0.3282
0.6877
0.5201
0.4539
0.4964
0.5132
0.3530
0.7621
0.5367
0.4620
0.8439
0.5714
0.6052
1.0600
0.6317
0.6022
0.4302
0.4800
0.5962
0.3614
0.3042
0.3573
0.3902
0.5157
0.6951
0.6997
0.2863
0.4317
0.5037
0.3866
0.4140
0.5124
0.4215
0.3213
0.5978
0.6552
0.6852
0.6756
0.3808
1.2997
0.6637
0.3798
0.4267
0.3548
0.6601
0.7958
0.3927
0.2574
0.3724
0.4601
0.4454
0.6409
0.3358
0.3049
0.6161
0.3144
0.2120
0.3123
1.0722
0.3903
0.6135
0.5570
0.2218
1.0354
0.3623
0.3262
0.5663
0.4511
0.3320
0.3961
0.4855
0.3317
0.7151
0.4966
0.1696
0.3424
0.9125
0.4041
0.3589
0.5506
0.5003
0.4551
0.3361
0.5166
1.1118
0.3503
0.5067
0.3845
0.7404
0.7363
0.7040
0.4855
0.5666
0.6864
0.4100
0.3782
0.2408
0.7646
0.7507
0.9199
1.0313
0.6561
0.3748
0.6074
0.6701
0.2674
0.3946
0.2596
0.4989
0.3888
0.4458
0.4458
