0.8533
0.4979
0.4531
0.9867
0.7780
0.5986
0.8673
0.6924
0.5843
0.8259
0.8454
0.8227
0.4806
0.6797
0.6776
0.8372
0.4619
0.7258
0.5772
0.6304
0.7225
0.6395
0.8104
0.7578
0.8048
0.6542
0.6062
0.8511
0.6813
0.5019
0.7039
0.8812
0.6252
0.4949
0.5266
0.4917
0.7210
0.6541
0.8742
0.6561
0.7607
0.6327
0.5021
1.0169
0.9717
0.9424
0.8359
0.6762
0.6292
0.5723
0.5051
0.6293
0.7969
0.9178
1.1365
1.0916
0.8270
0.5911
0.5920
0.6665
0.7686
0.7886
0.7000
0.6507
0.7752
0.7389
0.7078
0.9413
0.7716
0.6708
0.7103
0.8387
0.4635
0.5546
0.6693
0.5935
0.6739
0.7205
0.4925
0.5047
0.6789
0.6933
0.4423
0.6235
0.6466
0.5265
1.0899
1.0830
0.4638
0.7931
0.7281
0.8565
0.5661
0.5587
0.4238
0.6264
0.7830
0.9548
0.8886
0.6575
0.7742
0.8478
0.9044
0.6887
0.5153
0.6487
0.8716
0.5102
0.6949
0.7054
0.5043
1.0206
0.5576
0.6777
0.7233
0.4804
0.6242
0.7408
0.5347
0.7287
1.1093
0.4906
0.8163
0.6935
0.7341
0.6749
0.5557
0.6443
0.7252
0.6293
0.5456
0.6755
0.6809
0.5816
0.5504
1.2866
0.5925
0.5379
0.8361
0.6072
0.8203
0.4818
0.6320
0.8622
0.7751
0.7763
0.7589
0.7077
0.6167
0.6938
0.7414
0.5233
0.8802
0.5711
0.7315
0.6320
0.5413
0.9532
0.8606
1.1697
0.6991
0.6471
0.9129
1.2352
0.6113
0.5829
0.5871
0.5902
1.0106
0.7293
0.7427
0.8361
0.6947
0.5134
0.6404
0.8342
0.8755
0.6767
0.8255
0.8381
0.7661
0.7922
0.6120
1.0704
0.6401
0.7762
0.6030
1.0933
0.7767
0.7217
0.7216
0.6240
0.5829
0.8122
0.9499
0.5369
0.6648
0.7544
0.8513
0.5470
0.7067
0.6888
0.6559
0.7775
0.9358
0.8232
0.8007
0.6876
0.6666
0.8314
0.7472
0.7219
0.5568
0.8572
0.6310
0.6701
0.9113
0.7456
0.6451
0.5633
0.5629
0.6337
0.9726
0.9068
0.8605
0.7477
0.6589
0.5675
0.6111
0.5468
0.5780
0.8992
0.8135
1.0718
0.4752
1.0534
0.7433
0.7542
0.6434
0.5352
0.6849
0.6394
1.0377
0.7039
0.6361
0.8437
0.6123
0.9065
0.9493
0.7210
0.8520
0.5448
0.8259
0.6539
0.5851
0.8680
0.9904
0.8356
0.5679
0.6470
0.9048
0.8017
0.6993
0.5655
1.1310
1.0393
0.9422
0.5750
0.7612
0.4677
0.7564
0.8202
0.6316
0.4662
0.5635
0.6708
0.6335
0.8295
0.5469
0.9382
0.5470
0.7542
0.5744
0.9451
0.9595
0.6915
0.9297
0.7288
0.6932
0.8659
0.6518
0.5026
0.8083
0.6459
0.8903
0.9442
0.9205
0.8135
0.7844
0.6238
0.5579
0.5422
0.8489
0.8394
0.5039
0.5040
0.7385
0.4620
0.6174
0.8090
0.7403
0.5622
0.8914
0.6355
0.8782
0.9386
0.7397
0.7710
0.6863
1.1020
0.6655
0.8077
0.6504
0.6356
0.7123
0.6014
0.7156
0.8727
0.4606
0.7303
0.7344
0.4936
0.5595
0.8692
0.6657
1.0056
0.6387
0.7365
0.8430
0.6904
0.7447
0.5462
1.0693
1.2224
0.9130
0.5973
0.7771
0.7183
0.5652
0.9273
0.9899
0.6422
0.5800
0.6853
1.0607
0.8720
0.9233
0.7604
0.7107
0.6269
0.4747
0.6257
0.7302
0.6197
0.9996
0.8800
0.4860
0.4985
0.7404
0.6885
0.6253
0.5524
0.7550
0.7003
0.5688
0.7148
0.6253
0.6691
0.6364
0.8630
0.7212
0.6858
0.8440
0.6669
0.8301
0.7063
0.8117
0.5783
0.5729
0.8293
0.7212
0.6737
0.7046
0.7164
0.5942
0.8730
0.7326
0.6797
0.9186
0.7559
0.7779
1.0296
0.7948
0.7760
0.6559
0.6928
0.7721
0.6012
0.5515
0.5978
0.6247
0.7181
0.8337
0.8365
0.5351
0.6571
0.7097
0.6218
0.6434
0.7158
0.6493
0.5668
0.7732
0.8095
0.8278
0.8219
0.6171
1.1401
0.8147
0.6163
0.6532
0.5956
0.8124
0.8920
0.6266
0.5074
0.6102
0.6783
0.6674
0.8006
0.5795
0.5522
0.7849
0.5607
0.4604
0.5588
1.0355
0.6248
0.7833
0.7464
0.4710
1.0175
0.6019
0.5712
0.7525
0.6716
0.5762
0.6294
0.6968
0.5759
0.8457
0.7047
0.4118
0.5851
0.9552
0.6357
0.5991
0.7420
0.7073
0.6746
0.5797
0.7187
1.0544
0.5919
0.7118
0.6201
0.8604
0.8581
0.8390
0.6967
0.7527
0.8285
0.6403
0.6150
0.4907
0.8744
0.8665
0.9591
1.0155
0.8100
0.6122
0.7794
0.8186
0.5171
0.6282
0.5095
0.7063
0.6235
0.6677
0.6677
