0.9580
0.9674
0.9190
0.9086
0.9592
0.9302
0.9022
0.9186
0.9242
0.8314
0.9508
0.9368
0.9796
0.9373
0.9700
0.9487
0.9684
0.8751
0.9576
0.9464
0.8995
0.9672
0.9483
0.9474
0.9822
0.8787
0.9303
0.9725
0.8971
0.9466
0.9425
0.9558
0.9431
0.9691
0.9083
0.9726
0.9456
0.9712
0.9044
0.9195
0.9562
0.9192
0.9686
0.9211
0.9003
0.9445
0.9238
0.9335
0.9420
0.9725
0.9701
0.9172
0.9373
0.9659
0.8050
0.9500
0.9172
0.9454
0.9509
0.9785
0.9451
0.9042
0.9583
0.9223
0.9695
0.9705
0.8989
0.9417
0.8466
0.9467
0.9702
0.9268
0.9533
0.9396
0.9485
0.9301
0.9467
0.9123
0.9286
0.9391
0.9871
0.9736
0.9386
0.9254
0.9663
0.9573
0.9102
0.9386
0.9733
0.9201
0.9412
0.9339
0.9424
0.9557
0.9697
0.9480
0.9286
0.9494
0.9476
0.9176
0.9557
0.9537
0.9461
0.9666
0.9467
0.9203
0.9818
0.9458
0.9206
0.9657
0.9795
0.9667
0.8633
0.9446
0.9265
0.9351
0.8658
0.8968
0.9604
0.9787
0.8705
0.9508
0.9454
0.9758
0.9657
0.9759
0.9760
0.9731
0.9372
0.9547
0.8726
0.9633
0.9678
0.9352
0.9564
0.9413
0.9743
0.9461
0.9760
0.9137
0.9791
0.9791
0.9528
0.9717
0.9580
0.9538
0.8951
0.9694
0.9589
0.9598
0.9485
0.8647
0.9611
0.9284
0.9252
0.9080
0.9460
0.9525
0.9323
0.8193
0.9471
0.9486
0.9154
0.9115
0.9535
0.9423
0.9611
0.9513
0.9476
0.9350
0.9501
0.9383
0.9498
0.9067
0.9492
0.9709
0.9566
0.9629
0.9023
0.9612
0.9195
0.9546
0.9460
0.9612
0.9130
0.9600
0.8968
0.9090
0.9485
0.8895
0.9567
0.9650
0.9335
0.9162
0.8866
0.9562
0.9469
0.9669
0.9703
0.9641
0.9426
0.9272
0.9039
0.9655
0.9421
0.9485
0.9399
0.9722
0.9509
0.9400
0.9454
0.9542
0.9544
0.9596
0.9764
0.9692
0.9214
0.9586
0.9298
0.9326
0.9506
0.9435
0.9311
0.9531
0.9210
0.9153
0.9718
0.9073
0.9635
0.9492
0.9811
0.9017
0.9200
0.9335
0.9576
0.8719
0.9408
0.9677
0.8797
0.9684
0.8604
0.9383
0.9492
0.9573
0.9569
0.9112
0.9101
0.9451
0.9502
0.9574
0.9461
0.9221
0.9545
0.9593
0.8930
0.9596
0.9731
0.9230
0.9115
0.9422
0.9458
0.9572
0.9707
0.9005
0.9623
0.9567
0.9085
0.9440
0.9032
0.9377
0.9136
0.9330
0.9024
0.9280
0.9110
0.9590
0.9424
0.9765
0.9028
0.9353
0.9482
0.9540
0.9673
0.9562
0.9801
0.9426
0.9360
0.8837
0.9629
0.9508
0.9417
0.9225
0.9375
0.9102
0.9129
0.9368
0.9402
0.9461
0.9628
0.9344
0.9560
0.9441
0.9667
0.9070
0.9030
0.9278
0.9348
0.9534
0.9214
0.9449
0.9095
0.9321
0.9530
0.9354
0.8926
0.9364
0.9487
0.9181
0.9548
0.9462
0.8870
0.9214
0.9638
0.8956
0.9422
0.9580
0.9496
0.9536
0.9833
0.8984
0.9741
0.9247
0.9429
0.9178
0.8840
0.9395
0.9427
0.9668
0.9636
0.9380
0.9149
0.9403
0.8984
0.8925
0.9019
0.9000
0.9104
0.9734
0.9761
0.9580
0.9542
0.9585
0.9445
0.9561
0.9501
0.9264
0.9441
0.9516
0.9760
0.8963
0.9721
0.9176
0.9497
0.8891
0.9156
0.9411
0.9278
0.9160
0.9258
0.9766
0.9488
0.9477
0.9411
0.9043
0.9545
0.9389
0.9044
0.9119
0.9570
0.9429
0.9566
0.9514
0.9667
0.9560
0.9134
0.9295
0.8906
0.9367
0.9538
0.9704
0.9647
0.9472
0.9350
0.9552
0.9627
0.9574
0.9406
0.8973
0.9449
0.8883
0.9516
0.9433
0.9064
0.9533
0.9646
0.9521
0.8992
0.9198
0.9614
0.9672
0.9391
0.9511
0.9408
0.6963
0.9747
0.9669
0.9548
0.9480
0.9636
0.9572
0.9395
0.9770
0.9571
0.9455
0.9800
0.8929
0.9528
0.9646
0.9646
0.8999
0.9486
0.9402
0.8884
0.9364
0.9411
0.9788
0.9425
0.8699
0.9725
0.9708
0.9332
0.9683
0.9045
0.9358
0.9571
0.9121
0.9474
0.9028
0.9841
0.9156
0.8991
0.9462
0.9051
0.9289
0.9312
0.9369
0.9413
0.9067
0.9132
0.9885
0.9270
0.9107
0.9544
0.9598
0.9537
0.9580
0.9649
0.9777
0.9242
0.9443
0.9618
0.9671
0.9466
0.9496
0.8867
0.9212
0.9421
0.9001
0.9081
0.9447
0.9409
0.9447
0.8276
0.9583
0.8944
0.9726
0.9647
0.9346
0.8742
0.9205
0.9741
0.9660
0.9281
0.9363
0.9535
0.9773
0.9295
0.9630
0.9481
0.9573
