0.9193
0.9368
0.8501
0.8325
0.9215
0.8696
0.8218
0.8494
0.8591
0.7114
0.9062
0.8810
0.9600
0.8820
0.9418
0.9024
0.9388
0.7780
0.9187
0.8983
0.8173
0.9364
0.9016
0.9000
0.9650
0.7836
0.8697
0.9465
0.8134
0.8987
0.8913
0.9153
0.8924
0.9400
0.8321
0.9466
0.8968
0.9439
0.8254
0.8510
0.9161
0.8506
0.9391
0.8538
0.8186
0.8949
0.8584
0.8753
0.8904
0.9465
0.9420
0.8471
0.8820
0.9340
0.6736
0.9048
0.8471
0.8964
0.9063
0.9580
0.8960
0.8252
0.9199
0.8558
0.9408
0.9427
0.8163
0.8898
0.7340
0.8988
0.9421
0.8635
0.9108
0.8860
0.9020
0.8692
0.8988
0.8388
0.8667
0.8853
0.9744
0.9486
0.8844
0.8611
0.9349
0.9182
0.8352
0.8843
0.9480
0.8520
0.8890
0.8760
0.8910
0.9152
0.9411
0.9011
0.8668
0.9037
0.9004
0.8477
0.9152
0.9116
0.8977
0.9353
0.8989
0.8524
0.9643
0.8972
0.8528
0.9337
0.9599
0.9356
0.7595
0.8950
0.8631
0.8781
0.7634
0.8129
0.9239
0.9582
0.7706
0.9062
0.8964
0.9527
0.9337
0.9529
0.9531
0.9476
0.8818
0.9133
0.7740
0.9292
0.9375
0.8783
0.9165
0.8892
0.9498
0.8977
0.9532
0.8411
0.9590
0.9590
0.9099
0.9450
0.9195
0.9117
0.8101
0.9405
0.9211
0.9226
0.9021
0.7616
0.9252
0.8664
0.8608
0.8316
0.8976
0.9094
0.8731
0.6938
0.8995
0.9022
0.8440
0.8374
0.9112
0.8909
0.9250
0.9070
0.9003
0.8780
0.9049
0.8837
0.9044
0.8293
0.9033
0.9435
0.9169
0.9284
0.8220
0.9253
0.8510
0.9131
0.8976
0.9254
0.8399
0.9231
0.8128
0.8332
0.9021
0.8010
0.9171
0.9325
0.8753
0.8454
0.7963
0.9161
0.8991
0.9359
0.9423
0.9307
0.8915
0.8643
0.8246
0.9333
0.8905
0.9021
0.8865
0.9460
0.9063
0.8867
0.8964
0.9125
0.9128
0.9224
0.9538
0.9403
0.8543
0.9206
0.8688
0.8736
0.9059
0.8930
0.8711
0.9104
0.8535
0.8438
0.9452
0.8304
0.9296
0.9032
0.9630
0.8210
0.8518
0.8753
0.9187
0.7728
0.8882
0.9374
0.7853
0.9387
0.7550
0.8837
0.9033
0.9180
0.9174
0.8369
0.8350
0.8960
0.9052
0.9183
0.8977
0.8555
0.9130
0.9218
0.8066
0.9224
0.9476
0.8570
0.8375
0.8907
0.8972
0.9180
0.9431
0.8190
0.9273
0.9169
0.8323
0.8939
0.8235
0.8828
0.8409
0.8744
0.8221
0.8657
0.8366
0.9213
0.8912
0.9541
0.8229
0.8785
0.9014
0.9120
0.9367
0.9161
0.9609
0.8915
0.8797
0.7917
0.9284
0.9061
0.8898
0.8562
0.8823
0.8352
0.8397
0.8811
0.8871
0.8978
0.9282
0.8769
0.9156
0.8941
0.9356
0.8298
0.8231
0.8653
0.8776
0.9110
0.8543
0.8956
0.8340
0.8728
0.9101
0.8787
0.8061
0.8805
0.9024
0.8486
0.9135
0.8978
0.7969
0.8543
0.9302
0.8110
0.8907
0.9194
0.9041
0.9113
0.9671
0.8156
0.9494
0.8599
0.8920
0.8480
0.7921
0.8860
0.8916
0.9357
0.9298
0.8833
0.8431
0.8873
0.8155
0.8058
0.8213
0.8182
0.8355
0.9482
0.9533
0.9193
0.9124
0.9203
0.8948
0.9159
0.9050
0.8629
0.8942
0.9077
0.9531
0.8121
0.9457
0.8477
0.9043
0.8003
0.8443
0.8887
0.8652
0.8451
0.8618
0.9544
0.9026
0.9006
0.8887
0.8252
0.9130
0.8849
0.8255
0.8380
0.9175
0.8919
0.9169
0.9073
0.9356
0.9158
0.8406
0.8683
0.8028
0.8810
0.9118
0.9425
0.9318
0.8996
0.8779
0.9142
0.9281
0.9183
0.8878
0.8137
0.8956
0.7990
0.9077
0.8927
0.8287
0.9108
0.9317
0.9086
0.8168
0.8515
0.9257
0.9366
0.8851
0.9068
0.8883
0.5341
0.9507
0.9359
0.9136
0.9011
0.9297
0.9179
0.8858
0.9551
0.9177
0.8966
0.9608
0.8065
0.9098
0.9316
0.9316
0.8180
0.9022
0.8871
0.7992
0.8804
0.8887
0.9584
0.8912
0.7697
0.9465
0.9433
0.8748
0.9386
0.8256
0.8794
0.9178
0.8384
0.9001
0.8228
0.9686
0.8444
0.8166
0.8978
0.8266
0.8673
0.8712
0.8813
0.8891
0.8293
0.8402
0.9773
0.8640
0.8360
0.9128
0.9228
0.9115
0.9194
0.9321
0.9563
0.8591
0.8944
0.9264
0.9363
0.8986
0.9040
0.7964
0.8539
0.8905
0.8183
0.8318
0.8952
0.8885
0.8952
0.7059
0.9199
0.8090
0.9467
0.9317
0.8773
0.7766
0.8527
0.9495
0.9343
0.8658
0.8802
0.9112
0.9556
0.8682
0.9286
0.9013
0.9180
