0.9651
0.9510
0.9778
0.9297
0.9619
0.9526
0.9530
0.9677
0.9867
0.9572
0.9784
0.9846
0.9719
0.9714
0.9681
0.9323
0.8456
0.9803
0.9752
0.9598
0.9764
0.9745
0.9560
0.8799
0.9755
0.9383
0.9427
0.9635
0.9596
0.9671
0.9702
0.9203
0.9659
0.9768
0.9429
0.9589
0.9777
0.9675
0.9658
0.9488
0.9748
0.9747
0.9454
0.9741
0.9662
0.9754
0.9481
0.8946
0.9789
0.9789
0.9795
0.9529
0.9815
0.8959
0.9308
0.9509
0.9566
0.9554
0.9625
0.9800
0.9822
0.9691
0.9701
0.9776
0.9818
0.9400
0.9833
0.9870
0.9512
0.9854
0.9833
0.9529
0.9521
0.9185
0.9396
0.9814
0.9609
0.9715
0.9152
0.9634
0.9889
0.9808
0.9134
0.9632
0.9648
0.9761
0.9509
0.9752
0.9641
0.9672
0.9546
0.9566
0.9626
0.9755
0.7307
0.9258
0.8850
0.9766
0.9681
0.9679
0.9719
0.9803
0.9670
0.9513
0.9271
0.9387
0.9691
0.9733
0.9789
0.9391
0.9467
0.9636
0.9400
0.9581
0.9785
0.9511
0.9745
0.9766
0.9048
0.9842
0.9196
0.9657
0.9755
0.9449
0.9657
0.9757
0.9865
0.9546
0.9643
0.9801
0.9441
0.9735
0.9854
0.9342
0.9794
0.9337
0.9596
0.9847
0.9418
0.9619
0.9636
0.9739
0.9808
0.9749
0.9449
0.9620
0.9705
0.9753
0.9762
0.9777
0.9734
0.9654
0.9815
0.9747
0.9584
0.9233
0.9571
0.9561
0.9743
0.9574
0.9785
0.9779
0.9616
0.9344
0.9456
0.9780
0.9657
0.9537
0.9770
0.9849
0.9858
0.9765
0.9864
0.9746
0.9254
0.9805
0.9595
0.9724
0.9749
0.9585
0.9451
0.9654
0.9830
0.9664
0.9096
0.9803
0.9654
0.9738
0.9618
0.9782
0.9679
0.9805
0.9851
0.9806
0.9589
0.9249
0.9668
0.9721
0.9727
0.9490
0.9513
0.9864
0.9708
0.9198
0.9827
0.9316
0.9577
0.9356
0.9795
0.9771
0.9825
0.9689
0.9822
0.9821
0.9609
0.9699
0.9711
0.9478
0.9714
0.9483
0.9860
0.9761
0.9831
0.9846
0.9847
0.9843
0.9801
0.9795
0.9650
0.9868
0.9614
0.9731
0.9745
0.9709
0.9534
0.9798
0.9821
0.8279
0.9696
0.9834
0.9612
0.9657
0.9612
0.9550
0.9599
0.9657
0.9687
0.9447
0.9617
0.9636
0.9594
0.9703
0.9844
0.9488
0.9876
0.9763
0.9640
0.9704
0.9557
0.9645
0.9811
0.9785
0.9824
0.9307
0.9698
0.9587
0.9803
0.9817
0.9722
0.9490
0.9759
0.9482
0.9675
0.9559
0.9765
0.9809
0.9592
0.9793
0.9761
0.9656
0.9792
0.9735
0.9681
0.9287
0.9624
0.9818
0.9585
0.9840
0.9807
0.9530
0.9660
0.9530
0.9866
0.9860
0.9746
0.9684
0.9810
0.9828
0.9538
0.9637
0.9638
0.9430
0.9844
0.9814
0.9664
0.9627
0.9580
0.9725
0.9500
0.9784
0.9809
0.9596
0.9692
0.9766
0.9593
0.9793
0.9864
0.9537
0.9117
0.9384
0.9546
0.9819
0.9774
0.9763
0.9182
0.9152
0.9857
0.9736
0.9468
0.9431
0.9730
0.9288
0.9579
0.9770
0.9559
0.9665
0.9354
0.9680
0.9753
0.9582
0.9653
0.9476
0.9277
0.9440
0.9155
0.9772
0.9770
0.9825
0.9668
0.9806
0.9708
0.9790
0.9572
0.9729
0.9529
0.9676
0.9826
0.9669
0.9795
0.9748
0.9590
0.9666
0.9859
0.9631
0.9718
0.9757
0.9344
0.9216
0.9676
0.9671
0.9867
0.9572
0.9778
0.9758
0.9804
0.9619
0.9751
0.9701
0.9593
0.9612
0.9468
0.9528
0.9711
0.9680
0.9359
0.9858
0.9796
0.9516
0.9579
0.9846
0.9677
0.9779
0.9807
0.9696
0.9628
0.9729
0.9735
0.9774
0.9446
0.9770
0.9697
0.9375
0.9757
0.9788
0.9789
0.9785
0.9797
0.9715
0.9245
0.9874
0.9495
0.9662
0.9095
0.9610
0.9527
0.9214
0.9763
0.9713
0.9785
0.9282
0.9758
0.9628
0.9833
0.9523
0.9682
0.9749
0.9707
0.9522
0.9714
0.9158
0.9476
0.9562
0.9782
0.9753
0.9876
0.9615
0.9757
0.9650
0.9703
0.9668
0.9666
0.9437
0.9547
0.9783
0.9595
0.9832
0.9640
0.9852
0.9590
0.9188
0.9758
0.9791
0.9398
0.8992
0.9326
0.9745
0.9679
0.9798
0.9835
0.9496
0.9557
0.9629
0.9150
0.9834
0.9803
0.9821
0.9804
0.9666
0.9691
0.9753
0.9648
0.9892
0.9328
0.9435
0.9743
0.9762
0.9852
0.9688
0.9652
0.9480
0.9611
0.9756
0.9870
0.9669
0.9871
0.9737
0.9607
0.9812
0.9673
0.9694
0.9267
0.9299
0.9530
0.9839
0.9730
0.9834
0.9533
0.9582
0.9836
0.9829
