0.9325
0.9066
0.9566
0.8686
0.9265
0.9095
0.9102
0.9374
0.9737
0.9179
0.9578
0.9696
0.9454
0.9443
0.9383
0.8732
0.7325
0.9613
0.9515
0.9228
0.9539
0.9504
0.9158
0.7855
0.9522
0.8837
0.8915
0.9296
0.9224
0.9362
0.9422
0.8523
0.9340
0.9547
0.8920
0.9210
0.9563
0.9370
0.9339
0.9026
0.9509
0.9506
0.8964
0.9495
0.9347
0.9519
0.9014
0.8093
0.9588
0.9587
0.9598
0.9100
0.9636
0.8115
0.8706
0.9065
0.9168
0.9146
0.9278
0.9608
0.9649
0.9400
0.9419
0.9561
0.9642
0.8868
0.9671
0.9744
0.9069
0.9712
0.9672
0.9100
0.9086
0.8493
0.8862
0.9635
0.9248
0.9445
0.8436
0.9294
0.9781
0.9624
0.8405
0.9290
0.9320
0.9533
0.9065
0.9515
0.9307
0.9365
0.9132
0.9168
0.9279
0.9522
0.5757
0.8619
0.7937
0.9543
0.9382
0.9378
0.9453
0.9614
0.9362
0.9070
0.8642
0.8844
0.9401
0.9479
0.9587
0.8852
0.8988
0.9297
0.8869
0.9196
0.9578
0.9068
0.9503
0.9544
0.8262
0.9688
0.8512
0.9337
0.9522
0.8955
0.9337
0.9526
0.9733
0.9131
0.9310
0.9609
0.8940
0.9484
0.9712
0.8766
0.9597
0.8756
0.9223
0.9700
0.8900
0.9266
0.9297
0.9492
0.9623
0.9511
0.8955
0.9267
0.9426
0.9519
0.9535
0.9564
0.9482
0.9332
0.9636
0.9506
0.9202
0.8575
0.9178
0.9159
0.9498
0.9183
0.9578
0.9568
0.9260
0.8770
0.8967
0.9570
0.9337
0.9114
0.9551
0.9702
0.9720
0.9542
0.9731
0.9504
0.8611
0.9617
0.9222
0.9462
0.9510
0.9203
0.8959
0.9331
0.9666
0.9350
0.8342
0.9614
0.9332
0.9489
0.9264
0.9573
0.9378
0.9618
0.9707
0.9620
0.9211
0.8604
0.9357
0.9457
0.9469
0.9030
0.9071
0.9732
0.9433
0.8516
0.9659
0.8720
0.9189
0.8790
0.9599
0.9553
0.9656
0.9397
0.9649
0.9649
0.9247
0.9416
0.9439
0.9008
0.9444
0.9016
0.9724
0.9534
0.9667
0.9696
0.9698
0.9691
0.9611
0.9598
0.9323
0.9739
0.9257
0.9477
0.9503
0.9435
0.9110
0.9604
0.9649
0.7063
0.9410
0.9674
0.9252
0.9337
0.9253
0.9138
0.9228
0.9337
0.9393
0.8952
0.9262
0.9297
0.9221
0.9423
0.9693
0.9026
0.9755
0.9537
0.9305
0.9425
0.9151
0.9315
0.9628
0.9579
0.9653
0.8703
0.9413
0.9208
0.9614
0.9641
0.9459
0.9030
0.9529
0.9015
0.9370
0.9155
0.9540
0.9625
0.9216
0.9595
0.9532
0.9334
0.9592
0.9483
0.9382
0.8669
0.9275
0.9643
0.9202
0.9685
0.9622
0.9101
0.9342
0.9103
0.9735
0.9725
0.9504
0.9387
0.9627
0.9662
0.9116
0.9300
0.9301
0.8921
0.9693
0.9634
0.9349
0.9281
0.9193
0.9465
0.9048
0.9578
0.9624
0.9223
0.9403
0.9542
0.9217
0.9595
0.9732
0.9115
0.8378
0.8840
0.9131
0.9645
0.9559
0.9537
0.8488
0.8436
0.9719
0.9485
0.8991
0.8924
0.9474
0.8671
0.9192
0.9551
0.9156
0.9351
0.8786
0.9380
0.9518
0.9198
0.9330
0.9004
0.8652
0.8939
0.8442
0.9555
0.9550
0.9656
0.9358
0.9619
0.9432
0.9588
0.9179
0.9471
0.9100
0.9372
0.9657
0.9359
0.9599
0.9508
0.9212
0.9354
0.9723
0.9288
0.9452
0.9526
0.8768
0.8545
0.9372
0.9362
0.9738
0.9180
0.9565
0.9527
0.9616
0.9266
0.9514
0.9419
0.9217
0.9253
0.8990
0.9098
0.9438
0.9381
0.8796
0.9719
0.9600
0.9077
0.9192
0.9696
0.9375
0.9567
0.9621
0.9410
0.9283
0.9472
0.9483
0.9557
0.8950
0.9551
0.9411
0.8824
0.9525
0.9585
0.9587
0.9579
0.9603
0.9446
0.8595
0.9751
0.9038
0.9347
0.8339
0.9250
0.9097
0.8542
0.9537
0.9442
0.9579
0.8660
0.9527
0.9283
0.9671
0.9090
0.9383
0.9511
0.9431
0.9088
0.9444
0.8447
0.9005
0.9160
0.9573
0.9518
0.9754
0.9258
0.9525
0.9323
0.9422
0.9358
0.9354
0.8934
0.9132
0.9575
0.9221
0.9670
0.9304
0.9709
0.9213
0.8498
0.9527
0.9591
0.8864
0.8169
0.8736
0.9504
0.9378
0.9605
0.9675
0.9040
0.9151
0.9284
0.8434
0.9674
0.9614
0.9648
0.9616
0.9354
0.9401
0.9519
0.9319
0.9786
0.8741
0.8930
0.9500
0.9536
0.9708
0.9394
0.9327
0.9012
0.9251
0.9525
0.9743
0.9360
0.9745
0.9488
0.9244
0.9630
0.9367
0.9405
0.8634
0.8690
0.9101
0.9683
0.9475
0.9674
0.9108
0.9197
0.9678
0.9663
